1.0	0.9915021206704238	0.9807117202914104	0.9999999999999999	1.0	0.9999999999999996	1.0000000000000004	1.0	0.9999999999999994	1.0000000000000004	0.9901234133935515	0.9807117202914105	0.9970816380353055	0.9901234133935515	0.9807117202914105	0.9970816380353055	1.0	0.9999999999999998	1.0000000000000002
1.2	0.9913201586581223	0.9775647168949546	1.0000000000000007	1.0	0.9999999999999994	1.0000000000000007	1.0	0.9999999999999994	1.0000000000000007	0.9897943855795359	0.9775647168949546	0.9965933762358776	0.9897943855795359	0.9775647168949546	0.9965933762358776	0.9999999999999999	0.9999999999999992	1.0000000000000004
1.4 0.9900807109200678  0.9724006897554116  1.0000000000000004  1.0 0.9999999999999996  1.0000000000000004  1.0 0.9999999999999997  1.0000000000000004  0.9885113718705797  0.9724006897554116  0.9953613896526553  0.9885113718705797  0.9724006897554116  0.9953613896526553  0.9999999999999999  0.9999999999999994  1.0000000000000002
1.6	0.9877574661610032	0.9763907268821984	1.0000000000000004	0.979176670576565516	0.020001595678013594	0.07284104159112124	0.9947762948835254	0.9838122289715778	1.0000000000000002	0.9862197331038719	0.9763907268821984	0.9972508942228892	0.9862197331038719	0.9763907268821984	0.9972508942228892	0.9950698499672541	0.9907368153258039	0.9999999999999996
1.8	0.9842519518493166	0.967275387794933	0.9972139700656817	0.946015179286447936	0.0	0.0583962529681615	0.9925753141926135	0.9841817486545674	0.9976189937696739	0.982141668675819	0.967275387794933	0.9965360284730274	0.9789834283612113	0.9622962439047648	0.995401486937082	0.9900258775575834	0.987243071393371	0.99629383075292
2.0	0.9842692155468972	0.9734429867913663	0.9971273364140818	0.01642607466334853	0.0	0.04263109737486482	0.9912180104866959	0.981150061124906	0.997323108318762	0.9814911109573609	0.9698100960605351	0.9934339699973666	0.020873057295655677	0.0	0.0613200965784959	0.9905126241845281	0.9840926920290742	0.996309374615156
2.2	0.9829288635551277	0.966450723630027	0.9921477449262808	0.0008745821546147633	0.0	0.009250029523149808	0.9868033732975575	0.9749080818347271	0.9960659259408733	0.9752380700932779	0.9560864159853162	0.9888479340931576	0.0	0.0	0.0	0.9867026340800912	0.9807429927259969	0.9977569801730265
2.4	0.9829156823986483	0.970919216552046	0.9946247120347385	0.0	0.0	0.0	0.9597170065345939	0.9405893738463974	0.9839925060345267	0.9668246953729486	0.9432872207778286	0.9838454275887768	0.0	0.0	0.0	0.9594807613364685	0.95077315062064	0.971546330061703
2.6	0.9756551161013929	0.9580480820006259	0.9903678959648672	0.0	0.0	0.0	0.0	0.0	0.0	0.48378014259251834	0.005466645894092999	0.961511746467464	0.0	0.0	0.0	0.0	0.0	0.0
2.8	0.9628272253674055	0.9216166918172863	0.9881769551612899	0.0	0.0	0.0	0.0	0.0	0.0	0.0	0.0	0.0	0.0	0.0	0.0	0.0	0.0	0.0
3.0	0.0	0.0	0.0	0.0	0.0	0.0	0.0	0.0	0.0	0.0	0.0	0.0	0.0	0.0	0.0	0.0	0.0	0.0
3.2	0.0	0.0	0.0	0.0	0.0	0.0	0.0	0.0	0.0	0.0	0.0	0.0	0.0	0.0	0.0	0.0	0.0	0.0
3.4	0.0	0.0	0.0	0.0	0.0	0.0	0.0	0.0	0.0	0.0	0.0	0.0	0.0	0.0	0.0	0.0	0.0	0.0
