1.0	0.9971011785755419	0.9991173355775439	0.9991173355775439	0.9970664251860224	0.9970664251860224
1.1	0.9970476104626103	0.9988708873807011	0.9988708873807011	0.9969132959427396	0.9969132959427395
1.2	0.9973468387844562	0.999177020393105	0.999177020393105	0.9970161140417615	0.9970161140417614
1.3	0.9973458633690843	0.9994084416032478	0.9994084416032478	0.9961524337402388	0.9973308481782635
1.4	0.9973138043058472	0.9991741111518794	0.9989699721175445	0.9951131374348337	0.9970446142304921
1.5	0.997393400781567	0.9988981171765455	0.996029479525121	0.9886276165628689	0.9952466173472004
1.6	0.9959771730239768	0.9974300228731803	0.9864907765609876	0.6221451467259698	0.9914008180817766
1.7	0.9959221847788673	0.9943866457245056	0.6228516458880387	0.6193851583631933	0.6257839752244067
1.8	0.9959351062320303	0.9943598999643317	0.6203384119971282	0.617105482137559	0.6209608394717689
1.9	0.9944922940772393	0.9883537581057584	0.6168741744435284	0.4944487621785377	0.6164104109353854
2.0	0.9940529680847998	0.8647262488288938	0.4968083154452662	0.49353897251559825	0.4950517817650706
2.1	0.9915138993887234	0.6204170321683012	0.49559419896870843	0.49194247996513873	0.4934876150168565
2.2	0.989572416434729	0.6156086744915038	0.49469530464648265	0.49034707047020903	0.49328167597113237
2.3	0.9896002202949257	0.6141488001818676	0.49269983529943123	0.34434197386947263	0.49274719211251045
2.4	0.9858621212926526	0.49341024735426575	0.44405020628689745	0.3434912336839905	0.49157354599194797
2.5	0.9837921703572534	0.49121743154403724	0.3455379571633933	0.34273145951293155	0.4903039781709703
2.6	0.9807586476134423	0.48975612230148113	0.3445427410735049	0.2934553775844075	0.4415722806340281
2.7	0.9774861488150075	0.4878619381732207	0.3430189544172807	0.19566558050223024	0.34383494766691564
2.8	0.9745782797363349	0.4865795571146731	0.2934793569446109	0.1463821444605774	0.3427834792879652
2.9	0.9715444645821016	0.48532117157650256	0.19622511760736297	0.050156870129970506	0.34191218045234395
3.0	0.9208966607316964	0.4364851919747478	0.14624711780443522	0.0011333137132118864	0.2931236553180887
3.1	0.8232928293373063	0.3393965957067357	0.09756438706503205	0.0009821148820190206	0.24443238913614632
3.2	0.8213187235560551	0.33781303736072993	0.0003089343956213412	0.001070659965174847	0.14752459599989187
3.3	0.8200693319749374	0.33704813189572463	0.0	0.00035010293986617006	0.14640450952853482
3.4	0.818464454963438	0.3355066860028924	0.0	0.0003785730775170591	0.0013009299459506235
3.5	0.7695683898604301	0.28779172740755027	0.0	0.00011055694353298631	0.0009974827843705373
