1.0	0.9964344466693558	0.9880751920112771	1.0000000000000004	1.0	0.9999999999999993	1.0000000000000007	1.0	0.9999999999999993	1.0000000000000007	0.9959777202893519	0.9880751920112771	1.0	0.9959777202893519	0.9880751920112771	1.0	1.0	0.9999999999999997	1.0000000000000007
1.1	0.996226925935196	0.9856467603817536	1.0000000000000002	1.0	0.9999999999999993	1.0000000000000007	1.0	0.9999999999999992	1.0000000000000007	0.9958655496648307	0.9856467603817536	0.9995096827118853	0.9958655496648307	0.9856467603817536	0.9995096827118853	1.0	0.9999999999999994	1.0000000000000007
1.2	0.9965562825098451	0.9835107624285127	1.0000000000000004	1.0	0.9999999999999994	1.0000000000000007	1.0	0.9999999999999993	1.0000000000000007	0.9961153138694412	0.9835107624285128	0.999308666715212	0.9961153138694411	0.9835107624285128	0.999308666715212	1.0	0.9999999999999994	1.0000000000000004
1.3	0.9958699868432863	0.987593410617741	1.0000000000000002	1.0	0.9999999999999993	1.0000000000000009	1.0	0.9999999999999993	1.0000000000000007	0.9955259559445055	0.987593410617741	0.9999999999999998	0.9955259559445055	0.987593410617741	0.9999999999999998	1.0	0.9999999999999993	1.0000000000000004
1.4	0.9960306078948216	0.9899342650917615	1.0000000000000004	1.0	0.9999999999999994	1.0000000000000004	1.0	0.9999999999999993	1.0000000000000004	0.9956940257058343	0.9899342650917615	0.9996967355143305	0.9956940257058343	0.9899342650917615	0.9996967355143304	1.0	0.9999999999999996	1.0000000000000004
1.5	0.9957378682886945	0.9851269588584124	1.0000000000000004	0.9994882102258806	0.9905151772236753	1.0000000000000007	0.9994882102258806	0.9905151772236753	1.0000000000000007	0.9952961856523374	0.9851269588584124	0.9998470724294541	0.9952961856523374	0.9851269588584125	0.999847072429454	0.9989208823870152	0.9920736234445116	1.0000000000000004
1.6	0.9950785444464013	0.9826078332218274	1.0000000000000002	0.9987601972063814	0.9916427052889883	1.0000000000000004	0.9987601972063814	0.9916427052889885	1.0000000000000004	0.9945324080144726	0.9826078332218275	0.9998077452327836	0.9945324080144726	0.9826078332218274	0.9998077452327836	0.9977828838075472	0.9908405975125646	1.0000000000000007
1.7	0.9947590122227707	0.9779358441463727	1.0000000000000002	0.998388366919578	0.9880900744981248	1.0000000000000004	0.9985540145330047	0.9880900744981248	1.0000000000000007	0.9938741232787214	0.9779358441463727	0.9995047135549349	0.9942218150922015	0.9779358441463727	0.9995047135549349	0.9978591750922771	0.9871028191333133	1.0000000000000004
1.8	0.9937363706015893	0.9810484243366544	1.0000000000000002	0.9965065181453356	0.9832332851533743	1.0000000000000007	0.9971558388020111	0.9871251982742807	1.0000000000000007	0.9917089951269475	0.9763315898079897	0.9996210585405753	0.9932689318705223	0.9810484243366544	0.9996210585405753	0.9949924316160024	0.9863948712650741	1.0000000000000002
1.9	0.99103882999295	0.9764292910928257	1.0	0.9942612640995797	0.9703152681443564	1.0000000000000004	0.995167905767619	0.9786320475361413	1.0000000000000004	0.9880169926093759	0.9514808803642676	0.999089582136866	0.9907213505702406	0.9768353773418441	0.999089582136866	0.9946310746157647	0.9861155446482373	1.0000000000000004
2.0	0.9901764767491773	0.9748387497979137	0.9986454479378714	0.9929834018693895	0.9741697503156582	0.999356899107683	0.994009272236983	0.9791712351686	0.999356899107683	0.9869826328474727	0.9656215493731175	0.9983600983873119	0.9899820413616205	0.9751846951829578	0.9983600983873119	0.9913489200172898	0.9805992243367363	0.9978994196250004
2.1	0.9890100885401033	0.9692249324488404	0.9992993018178606	0.991023635918557	0.9737772760576525	0.9992014706864759	0.9920220967793173	0.9778671243955401	0.9998491559629975	0.9845838491340781	0.9633202389731039	0.9971974011119084	0.9880887629358976	0.9656825709405986	0.9992993018178606	0.9895945949493336	0.9778573592783583	0.9988286644396663
2.2	0.9876480442812478	0.9717092928607255	0.9990958848952637	0.9891366326259319	0.9730373164574216	0.9988682834775618	0.9897019201319176	0.9719771402306386	0.9994165730181631	0.9798336481029156	0.9600440123890487	0.9947733126160373	0.9868591734071666	0.9692880513193622	0.9990958848952636	0.987965305672969	0.9780455750732976	0.9985022308178384
2.3	0.9866857363978192	0.9722945988760873	0.9994740840476094	0.9868415937855769	0.970897917046697	0.9974258588926187	0.9864090898093681	0.9547033641441219	0.9984755577618157	0.6862900652434176	0.0	0.9932678495306086	0.9861121378962473	0.9692002256309289	0.9980111860006189	0.984326554300957	0.9719437131547054	0.9976097885561843
2.4	0.9847408732750558	0.9672860475154658	0.9944085300010406	0.984572495147633	0.9673235833432676	0.995654810710636	0.8873375399884854	0.0021025510660773288	0.9982543815789899	0.6848551776424278	0.0	0.9881866053606757	0.9832472985779143	0.9646845363862977	0.9942814065473041	0.7877835970501552	0.010273480774260341	0.9968317705733128
2.5	0.9838010547358145	0.9650580571512662	0.9958917760250878	0.9813180544321654	0.946359049202751	0.9963876790004857	0.6914303737860276	0.0	0.9976998438113642	0.6834856963923476	0.0	0.9921286783857601	0.9815560513422105	0.9609906360896102	0.9961836653745357	0.3975186540651425	0.0	0.9960553711536514
2.6	0.9824978782083513	0.9620944865669446	0.9946231206662123	0.9788852847460683	0.9431687414296528	0.9939733294496759	0.6888456855058483	0.0	0.9952575616492328	0.5844737869662424	0.0	0.9873399534248144	0.8828326872278831	0.0025893413567090037	0.9916519246024411	0.3942251425180019	0.0	0.991468089980955
2.7	0.9817810851700648	0.9603269860540695	0.9961462450092481	0.9775526573140546	0.9436574383314437	0.9936269730977483	0.6865866189781359	0.0	0.9921411811455031	0.39005542151427236	0.0	0.9870889676445123	0.6878730376177551	0.0018582907798059978	0.9937298037573107	0.39195180571598515	0.0	0.9935096203388768
2.8	0.9813265780460143	0.9516936021108975	0.9938116606560885	0.9752996272814309	0.9326414293235907	0.9922254914321667	0.5877402206942256	0.0	0.9930885473813472	0.2913757460235904	0.0	0.9815221848479501	0.6857576974733984	0.0	0.9901168782000305	0.19936144718508433	0.0	0.9919412498715888
2.9	0.979982391116677	0.9564885600957569	0.996007314177683	0.97276982606303	0.9409971223375305	0.9925963818869691	0.3925509615063048	0.0	0.9911189630941077	0.09656902346592404	0.0	0.977741037734188	0.6844162045867144	0.0	0.9909183626525282	0.19628211786549607	0.0	0.9898100998452958
3.0	0.8797791062251693	0.0	0.9936678383789348	0.8732239324762467	0.0	0.9897446718730813	0.29274512085584975	0.0	0.9851073314468966	0.0	0.0	0.0	0.5868769274439578	0.0	0.988980689282122	0.1943234965169018	0.0	0.973350932134371
3.1	0.6856481845209794	0.0	0.992177005684154	0.6794222540022774	0.0	0.9885109033812528	0.19553348089237022	0.0	0.9851822140324772	0.0	0.0	0.0	0.48799907205355	0.0	0.9881645165879137	0.003923677571760464	0.0	0.024978664624846606
3.2	0.6863060989216335	0.0	0.9922122972266438	0.6786767168110514	0.0	0.982651547065924	0.0003533134451923539	0.0	0.004150273813963647	0.0	0.0	0.0	0.2947367156234814	0.0	0.9854037856915218	0.0010419949890098355	0.0	0.007124533417521042
3.3	0.6838896869031512	0.0	0.9891907715147064	0.6737213504397092	0.0	0.9816102100044846	0.0	0.0	0.0	0.0	0.0	0.0	0.2934183523685888	0.0	0.9838948261769743	0.0	0.0	0.0
3.4	0.6831551470131145	0.0	0.9912957910325889	0.6723797876844962	0.0	0.9803066722712837	0.0	0.0	0.0	0.0	0.0	0.0	0.0023996211536617363	0.0	0.021528091316607812	0.0	0.0	0.0
3.5	0.5844933198004114	0.0	0.9897414607438161	0.5755793877101779	0.0	0.982723627081885	0.0	0.0	0.0	0.0	0.0	0.0	0.0018298245697130177	0.0	0.014271009195166431	0.0	0.0	0.0
