1.0	0.9987585327125422	0.9957849503294547	1.0000000000000002	0.9982632470941626	0.9953138816991723	1.0000000000000002	0.9982632470941626	0.9953138816991723	1.0000000000000002	0.9991238419172956	0.9957849503294547	1.0000000000000002	0.9991238419172956	0.9957849503294547	1.0000000000000002	0.9986484296918889	0.9934942708275594	1.0000000000000004
1.1	0.9982462834124668	0.994713030039917	1.0000000000000002	0.9977693189206158	0.9942333954611446	1.0000000000000002	0.9977693189206158	0.9942333954611445	1.0000000000000002	0.9985771591145451	0.9962473404149944	1.0000000000000002	0.9985771591145451	0.9962473404149944	1.0	0.9980382228544379	0.9937080168357012	1.0000000000000002
1.2	0.9984337504546335	0.9958269966055155	1.0000000000000002	0.9983864898954428	0.9948293025214605	1.0000000000000002	0.9983864898954428	0.9948293025214605	1.0000000000000002	0.9983502861514276	0.9958269966055155	1.0	0.9983502861514275	0.9958269966055155	1.0000000000000002	0.9966235254423246	0.9851310060392728	1.0000000000000002
1.3	0.9984384516488414	0.9933510428925595	1.0000000000000002	0.9988373523626236	0.9933510428925594	1.0000000000000002	0.9988373523626237	0.9933510428925595	1.0000000000000002	0.9964439059085445	0.9877800161538108	1.0000000000000002	0.9988007347845939	0.9950089960763576	1.0000000000000002	0.9984484915627184	0.99646098683377	0.9999999999999998
1.4	0.9986960805154869	0.9949235089859865	1.0000000000000004	0.9983753606270238	0.9935829445121258	1.0000000000000004	0.9979669486949343	0.9935829445121258	0.9999999999999997	0.9946061878369278	0.9863524787748013	0.9999999999999997	0.9984691414282446	0.9946923099159778	1.0000000000000002	0.9976959127663606	0.9918656981796456	1.0
1.5	0.9986268492420873	0.9964020564587371	1.0000000000000002	0.9982080107040688	0.994564759673067	1.0000000000000002	0.99247073540122	0.9839568179516762	0.9990823274814552	0.9814308979252252	0.9611995466901224	0.995047809001233	0.9946690412617737	0.9841105280242519	0.998937308216666	0.9933654342826804	0.9815722093321105	1.0000000000000004
1.6	0.998771113358491	0.9880980499531958	1.0000000000000002	0.9961684224928116	0.9890330863642095	0.9999999999999997	0.9742881799130569	0.9520324443777181	1.0	0.25006762546589817	0.0	0.9973297828603234	0.9885785464523156	0.9711347187461283	0.9993125328143682	0.9720019910881619	0.9427470348825723	1.0
1.8	0.9984419788254024	0.9917157274513803	1.0000000000000002	0.9920468033502807	0.9801481507150968	0.9994514154016146	0.24352874862042323	0.0	0.9794564620963979	0.24237986363649922	0.0	0.9771630199861753	0.24847986419419493	0.0	0.9977010384628305	0.2436229720701079	0.0	0.9801577188618873
1.9	0.9980242395234946	0.9961409855107972	1.0000000000000002	0.9818760458343971	0.970106715144929	0.9965407875330207	0.23850396856693595	0.0	0.9600926660797929	0.00030099553779001383	0.0	0.002018802138706948	0.24233352091625085	0.0	0.9728685793113868	0.23657145134894644	0.0	0.9567119976322497
2.0	0.9973740457947463	0.9946080690955871	1.0000000000000004	0.7365625387092507	0.006084175434864102	0.9925896367453021	0.0	0.0	0.0	0.0004101936426527474	0.0	0.0022912610567153552	0.0009002221408715882	0.0	0.006549011046700101	0.0	0.0	0.0
2.1	0.9946787763226289	0.985734708243557	1.0000000000000002	0.2496657742401697	0.0	0.9891339932250148	0.0	0.0	0.0	0.0	0.0	0.0	0.0	0.0	0.0	0.0	0.0	0.0
2.2	0.9939434000209509	0.9826780107597695	0.9999999999999999	0.24275463698559263	0.0	0.973065951757784	0.0	0.0	0.0	0.0	0.0	0.0	0.0	0.0	0.0	0.0	0.0	0.0
2.3	0.9934663198766629	0.9859471861160769	1.0000000000000002	0.24133004872157307	0.0	0.9665507079112697	0.0	0.0	0.0	0.0	0.0	0.0	0.0	0.0	0.0	0.0	0.0	0.0
2.4	0.9867995821432403	0.9728473193695943	0.997755117128647	0.0011774575722426756	0.0	0.012476859504789172	0.0	0.0	0.0	0.0	0.0	0.0	0.0	0.0	0.0	0.0	0.0	0.0
2.5	0.9846970105963075	0.9655738636677871	0.9961460970871278	0.0	0.0	0.0	0.0	0.0	0.0	0.0	0.0	0.0	0.0	0.0	0.0	0.0	0.0	0.0
2.6	0.9794956298213564	0.9634820407517685	0.9953002883274293	0.0	0.0	0.0	0.0	0.0	0.0	0.0	0.0	0.0	0.0	0.0	0.0	0.0	0.0	0.0
2.7	0.9748287736324825	0.9435125222720494	0.9951179823473292	0.0	0.0	0.0	0.0	0.0	0.0	0.0	0.0	0.0	0.0	0.0	0.0	0.0	0.0	0.0
2.8	0.9682492785499036	0.952710466231543	0.9917249896089294	0.0	0.0	0.0	0.0	0.0	0.0	0.0	0.0	0.0	0.0	0.0	0.0	0.0	0.0	0.0
2.9	0.9645097370430038	0.9234912042574489	0.9817455575196149	0.0	0.0	0.0	0.0	0.0	0.0	0.0	0.0	0.0	0.0	0.0	0.0	0.0	0.0	0.0
3.0	0.9627380230282487	0.9428381103243667	0.9876962921735388	0.0	0.0	0.0	0.0	0.0	0.0	0.0	0.0	0.0	0.0	0.0	0.0	0.0	0.0	0.0
3.1	0.9605942003363438	0.9457158081010718	0.9737843970197083	0.0	0.0	0.0	0.0	0.0	0.0	0.0	0.0	0.0	0.0	0.0	0.0	0.0	0.0	0.0
3.2	0.958172793078244	0.9320927917190797	0.9825537504579157	0.0	0.0	0.0	0.0	0.0	0.0	0.0	0.0	0.0	0.0	0.0	0.0	0.0	0.0	0.0
3.3	0.9562607338585459	0.9399495904267923	0.978209803737212	0.0	0.0	0.0	0.0	0.0	0.0	0.0	0.0	0.0	0.0	0.0	0.0	0.0	0.0	0.0
3.4	0.9555749925767645	0.9368975041521971	0.9697629717002161	0.0	0.0	0.0	0.0	0.0	0.0	0.0	0.0	0.0	0.0	0.0	0.0	0.0	0.0	0.0
3.5	0.9543919845851006	0.9363619398624068	0.9738633420581003	0.0	0.0	0.0	0.0	0.0	0.0	0.0	0.0	0.0	0.0	0.0	0.0	0.0	0.0	0.0
