1.0	1.0	0.9999999999999996	1.0000000000000007	1.0	0.9999999999999994	1.0000000000000004	1.0	0.9999999999999996	1.0000000000000007	1.0	0.9999999999999996	1.0000000000000007	1.0	0.9999999999999997	1.0000000000000004	1.0	0.9999999999999997	1.0000000000000004
1.2	1.0000000000000002	0.9999999999999998	1.0000000000000007	0.9868716844028899	0.9565332526730418	0.998798588699564	0.9857944220584488	0.9565332526730417	0.998798588699564	0.9871948756238986	0.9617043122091824	0.998798588699564	0.9978166498992355	0.9919159517408233	1.0000000000000004	0.9978166498992355	0.9919159517408233	1.0000000000000004
1.4	1.0	0.9999999999999999	1.0000000000000004	0.8208015644930174	0.010370230431695323	0.03538503708973248	0.020801564493017437	0.010370230431695323	0.03538503708973248	0.020801564493017434	0.010370230431695323	0.03538503708973248	0.995652585688644	0.9919193723637819	0.9999999999999999	0.995652585688644	0.9919193723637819	0.9999999999999999
1.6	0.9999999999999999	0.9999999999999993	1.0000000000000002	0.01220738830707015	0.004134990323652804	0.02420427319660042	0.01220738830707015	0.004134990323652804	0.02420427319660042	0.01220738830707015	0.004134990323652804	0.02420427319660042	0.9957501878063475	0.9845151839710621	1.0000000000000002	0.9957501878063475	0.9845151839710621	1.0000000000000002
1.8	1.0	0.9999999999999998	1.0000000000000004	0.005435467126242003	0.0	0.0150800193611631	0.004949745549628517	0.0	0.0150800193611631	0.005435467126242003	0.0	0.0150800193611631	0.9955740911209862	0.9904022270951002	1.0000000000000004	0.9955740911209862	0.9904022270951002	1.0000000000000004
2.0	0.9999313610326059	0.9989017765216945	1.0000000000000002	0.004792001183652053	0.0	0.02207408262001767	0.004792001183652053	0.0	0.02207408262001767	0.004792001183652053	0.0	0.02207408262001767	0.9933016414179077	0.9873294597312887	0.9973220210456532	0.9933016414179077	0.9873294597312887	0.9973220210456532
2.2	0.9991345996733328	0.9971275026757067	1.0000000000000004	0.002585992702425697	0.0	0.007152148924492292	0.002585992702425697	0.0	0.007152148924492292	0.002585992702425697	0.0	0.007152148924492292	0.992154479432499	0.9785249330495255	0.9987325070977521	0.992154479432499	0.9785249330495255	0.9987325070977521
2.4	0.9978004713150425	0.9863461892949168	1.0000000000000002	0.0022718033362152832	0.0	0.00524907167892182	0.0022718033362152832	0.0	0.00524907167892182	0.0022718033362152832	0.0	0.00524907167892182	0.9832510321117263	0.973573398172429	0.9960478235001291	0.9832510321117263	0.973573398172429	0.9960478235001291
2.6	0.99699496957831	0.9927421073254842	1.0	0.00046885274767183207	0.0	0.003783970574968417	0.00046885274767183207	0.0	0.003783970574968417	0.00046885274767183207	0.0	0.003783970574968417	0.9703493904749446	0.9450250345202029	0.9874532452588346	0.9703493904749446	0.9450250345202029	0.9874532452588346
2.8	0.9975569391414205	0.9914740457349467	1.0000000000000002	0.0	0.0	0.0	0.0	0.0	0.0	0.0	0.0	0.0	0.7158353385500424	0.0015273703191974086	0.9722972622838093	0.7158353385500424	0.0015273703191974086	0.9722972622838093
3.0	0.9963333970320094	0.9880735008033481	1.0000000000000002	0.0	0.0	0.0	0.0	0.0	0.0	0.0	0.0	0.0	0.0013471180251700022	0.0	0.005953443873833782	0.0013471180251700022	0.0	0.005953443873833782
3.2	0.9952840707004668	0.98602206940346	0.9999999999999999	0.0	0.0	0.0	0.0	0.0	0.0	0.0	0.0	0.0	0.0054467546686258715	0.0	0.013981033294428378	0.0054467546686258715	0.0	0.013981033294428378
3.4	0.9949106199371072	0.9896442271795022	0.9999999999999999	0.0	0.0	0.0	0.0	0.0	0.0	0.0	0.0	0.0	0.0	0.0	0.0	0.0	0.0	0.0
3.4	0.0	0.0	0.0	0.0	0.0	0.0	0.0	0.0	0.0	0.0	0.0	0.0	0.0	0.0	0.0	0.0	0.0	0.0
