to_node   from_node   capacity          prob_failure
0	   4	  		3000000000
0	   13	  		11000000000
0	   26	  		1000000000
0	   10	  		2000000000
1	   9	  		4000000000
1	   18	  		4000000000
2	   4	  		3000000000
2	   13	  		5000000000
2	   12	  		3000000000	
3	   12	  		4000000000
3	   21	  		4000000000
5	   11	  		7000000000
5	   6	  		5000000000
6	   8	  		4000000000
6	   27	  		4000000000
6	   25	  		5000000000
7	   27	  		6000000000
7	   20	  		4000000000
7	   26	  		3000000000
7	   16	  		3000000000
8	   20	  		4000000000
8	   13	  		6000000000
9	   15	  		5000000000
9	   25	  		5000000000
10	   16	  		2000000000
11	   14	  		2000000000
11	   23	  		1000000000
11	   17	  		1000000000
13	   22	  		5000000000
14	   18	  		4000000000
14	   19	  		2000000000
15	   16	  		5000000000
16	   26	  		1000000000
17	   23	  		2000000000
17	   19	  		1000000000
21	   22	  		3000000000
21	   24	  		2000000000
22	   24	  		2000000000
4		0			3000000000	
13		0			11000000000	
26		0			1000000000	
10		0			2000000000	
9		1			4000000000	
18		1			4000000000	
4		2			3000000000	
13		2			5000000000	
12		2			3000000000	
12		3			4000000000	
21		3			4000000000	
11		5			7000000000	
6		5			5000000000	
8		6			4000000000	
27		6			4000000000	
25		6			5000000000	
27		7			6000000000	
20		7			4000000000	
26		7			3000000000	
16		7			3000000000	
20		8			4000000000	
13		8			6000000000	
15		9			5000000000	
25		9			5000000000	
16		10			2000000000	
14		11			2000000000	
23		11			1000000000	
17		11			1000000000	
22		13			5000000000	
18		14			4000000000	
19		14			2000000000	
16		15			5000000000	
26		16			1000000000	
23		17			2000000000	
19		17			1000000000	
22		21			3000000000	
24		21			2000000000	
24		22			2000000000	