1.0	0.9999182128407718	0.9999182128407715	0.9999182128407715	0.9999182128407715	0.9999230888664186
1.1	0.9999144158958546	0.9999144158958547	0.9999144158958546	0.9999144158958546	0.9999132253638969
1.2	0.9999266907609488	0.9999266907609488	0.9999266907609488	0.9999266907609486	0.999914080854559
1.3	0.9999085325231284	0.9999085325231284	0.9999085325231284	0.9995793374596312	0.9999072894482697
1.4	0.9999141653199226	0.9992295958899364	0.9999141653199226	0.9982925913648314	0.9999174068958051
1.5	0.999724912314802	0.9981380561640487	0.9997245382383493	0.9972867004232998	0.9997199162981385
1.6	0.9992426922676112	0.9943123454684979	0.9987263311184493	0.9957028877988934	0.9989739398455384
1.7	0.9990931304899581	0.631149501372747	0.9971655061766372	0.9926783267577247	0.9491638278147403
1.8	0.9984123529900867	0.6254757293724753	0.994649055342741	0.9883614568606445	0.8486858045375735
1.9	0.9972201392333582	0.50328592223367	0.9912256088146737	0.8668012004962877	0.8458552093413589
2.0	0.9954818976614123	0.5001720904773795	0.9858955394873065	0.622412726071659	0.7439223394603193
2.1	0.992439890019024	0.49779579981544797	0.9794335630457368	0.6180848183669123	0.5200014855756637
2.2	0.9891664063855237	0.4956205893197105	0.6169938185598141	0.4978625468052401	0.27275293461793676
2.3	0.988244611428833	0.49369344772938367	0.6157453422721273	0.49525781965544136	0.12597883656800352
2.4	0.9854573911674331	0.49236850655638376	0.6148897585645476	0.49328766484373204	0.12385194660345157
2.5	0.9814691109029872	0.4913965665338393	0.4923087840977845	0.4922559878701577	0.0012099124313698754
2.6	0.9789947139085223	0.49042629695616363	0.4907387181175122	0.49126708819497417	0.00037521518945466217
2.7	0.9761556411792954	0.4907714181391343	0.4907140708889124	0.4901462344983622	4.264778438405357e-7
2.8	0.9741086673155503	0.4892050170950653	0.48961056656077173	0.44052686332164603	0.0
2.9	0.9719907247038764	0.4874729562163782	0.4394084902446984	0.3438766925200597	0.0
3.0	0.9196740730710398	0.438280525045857	0.3425075198650309	0.3430252371559386	0.0
3.1	0.8212422896192713	0.34196006403442547	0.3420384067652472	0.34179734873996254	0.0
3.2	0.8216355502878483	0.3417538497700652	0.34176874837422844	0.3408738864193051	0.0
3.3	0.8223810246868759	0.34126488337592925	0.340669109674402	0.24367273004394213	0.0
3.4	0.8197463042004294	0.34033909953765135	0.2433793157000003	0.1943122858191129	0.0
3.5	0.7708407180181769	0.2909360837005362	0.1465526727058081	0.1454149726819191	0.0
