18.0    0.002767721489999998    2.8411889999999977e-5   0.00010288876   0.00023389416500000003  0.000216795515  0.0002718478750000002
22.0    0.005399057025000003    3.9254089999999987e-5   0.00016335947000000004  0.0003466548499999998   0.0004845377150000002   0.0005411219699999997
26.0    0.012375197275000006    5.511989499999999e-5    0.0002905316299999999   0.0006842653100000003   0.0007313105549999996   0.0009044959350000002
30.0    0.0218648833    6.919323500000004e-5    0.0005161273549999999   0.0011355527649999997   0.001036209845  0.0012551466450000004
34.0    0.04130462855   9.240776000000001e-5    0.0006094707000000004   0.001459021254999999    0.001590477539999999    0.0018444988849999988
38.0    0.06471230455499997 0.00013268200500000005  0.0008758628299999995   0.001952758305  0.0019665710700000004   0.0026005245599999994
42.0    0.10411711189   0.00020729158   0.0012125146750000006   0.0023114955400000015   0.00268412297   0.003834518935000001
46.0    0.15251603962   0.00016696873000000007  0.001468505125  0.002981402180000003    0.003610896569999999    0.004551455175000002
50.0    0.22914301287499994 0.00021648264   0.0018747266749999992   0.003897513865000001    0.0043007281599999996   0.005872392484999999
54.0    0.32358817703499987 0.00026285988   0.002356932930000001    0.00548857966   0.005568804520000001    0.007384307329999993
58.0    0.43596055097499986 0.00029097161499999993  0.002768498675  0.006335885269999997    0.0069954468300000025   0.009138952255
62.0    0.5964582032649995  0.00032824249500000016  0.0030697960149999983   0.007310282045000005    0.008289167289999995    0.011150789785000005
66.0    0.7932264402249996  0.0007846778749999999   0.0038906111300000016   0.008929781489999993    0.009364436765000001    0.014795331954999998
70.0    1.0461771719400008  0.00041891912999999977  0.004588488960000001    0.009690557570000004    0.011805671455000001    0.016517310815000005
74.0    1.317164502315  0.0004530635600000002   0.0061986692599999985   0.011645504390000004    0.013012655320000004    0.021117307910000008
78.0    1.6917524409600007  0.00047109320999999993  0.006691639500000001    0.014629065929999987    0.016167530409999995    0.023941813199999985
82.0    2.1492760348749993  0.000574808705  0.006916591620000001    0.01579334562   0.01755741900999999 0.02845840155
86.0    2.677796848044999   0.00063390197   0.008084329055000004    0.018114042290000014    0.021108598330000002    0.03406097941
90.0    3.3857730403250033  0.0007024161849999997   0.009695729529999997    0.0228422253    0.024262532350000005    0.039155754840000015
94.0    4.151182951544999   0.0006804010999999998   0.011133562460000001    0.023924499904999997    0.027602990859999996    0.042352767695
100.0   5.418787244615001   0.0007902689950000008   0.012843016655000001    0.027798741050000006    0.03112513232500001 0.054202907415000015
104.0   6.5816959862    0.0008633492350000001   0.015222978529999997    0.033141535094999994    0.03651729749   0.06281081465499998
108.0   7.889114389090008   0.0008940713249999995   0.0159506102    0.037753298495  0.04269852804499999 0.06904540357499997
112.0   9.404884997415001   0.0009387949850000001   0.017424164545  0.04047640576   0.044094445415  0.07612957208499999
