0.0	0.00024752475247524753
0.0	0.0004950495049504951
0.0	0.0007425742574257426
0.0	0.0009900990099009901
0.0	0.0012376237623762376
0.0	0.0014851485148514852
0.0	0.0017326732673267327
0.0	0.0019801980198019802
0.0	0.002227722772277228
0.0	0.0024752475247524757
0.0	0.0027227722772277235
0.0	0.002970297029702971
0.0	0.003217821782178219
0.0	0.0034653465346534667
0.0	0.0037128712871287144
0.0	0.003960396039603962
0.0	0.00420792079207921
0.0	0.004455445544554458
0.0	0.004702970297029705
0.0	0.004950495049504953
0.0	0.005198019801980201
0.0	0.005445544554455449
0.0	0.005693069306930696
0.0	0.005940594059405944
0.0	0.006188118811881192
0.0	0.00643564356435644
0.0	0.006683168316831687
0.0	0.006930693069306935
0.0	0.007178217821782183
0.0	0.007425742574257431
0.0	0.007673267326732678
0.0	0.007920792079207926
0.0	0.008168316831683174
0.0	0.008415841584158422
0.0	0.00866336633663367
0.0	0.008910891089108917
0.0	0.009158415841584165
0.0	0.009405940594059413
0.0	0.00965346534653466
0.0	0.009900990099009908
0.0	0.010148514851485156
0.0	0.010396039603960404
0.0	0.010643564356435651
0.0	0.010891089108910899
0.0	0.011138613861386147
0.0	0.011386138613861395
0.0	0.011633663366336642
0.0	0.01188118811881189
0.0	0.012128712871287138
0.0	0.012376237623762385
0.0	0.012623762376237633
0.0	0.012871287128712881
0.0	0.013118811881188129
0.0	0.013366336633663376
0.0	0.013613861386138624
0.0	0.013861386138613872
0.0	0.01410891089108912
0.0	0.014356435643564367
0.0	0.014603960396039615
0.0	0.014851485148514863
0.0	0.01509900990099011
0.0	0.015346534653465358
0.0	0.015594059405940606
0.0	0.015841584158415852
0.0	0.0160891089108911
0.0	0.016336633663366348
0.0	0.016584158415841595
0.0	0.016831683168316843
0.0	0.01707920792079209
0.0	0.01732673267326734
0.0	0.017574257425742586
0.0	0.017821782178217834
0.0	0.018069306930693082
0.0	0.01831683168316833
0.0	0.018564356435643577
0.0	0.018811881188118825
0.0	0.019059405940594073
0.0	0.01930693069306932
0.0	0.01955445544554457
0.0	0.019801980198019816
0.0	0.020049504950495064
0.0	0.02029702970297031
0.0	0.02054455445544556
0.0	0.020792079207920807
0.0	0.021039603960396055
0.0	0.021287128712871303
0.0	0.02153465346534655
0.0	0.021782178217821798
0.0	0.022029702970297046
0.0	0.022277227722772294
0.0	0.02252475247524754
0.0	0.02277227722772279
0.0	0.023019801980198037
0.0	0.023267326732673285
0.0	0.023514851485148532
0.0	0.02376237623762378
0.0	0.024009900990099028
0.0	0.024257425742574276
0.0	0.024504950495049523
0.0	0.02475247524752477
0.0	0.02500000000000002
0.0	0.025247524752475266
0.0	0.025495049504950514
0.0	0.025742574257425762
0.0	0.02599009900990101
0.0	0.026237623762376257
0.0	0.026485148514851505
0.0	0.026732673267326753
0.0	0.026980198019802
0.0	0.02722772277227725
0.0	0.027475247524752496
0.0	0.027722772277227744
0.0	0.02797029702970299
0.0	0.02821782178217824
0.0	0.028465346534653487
0.0	0.028712871287128735
0.0	0.028960396039603983
0.0	0.02920792079207923
0.0	0.029455445544554478
0.0	0.029702970297029726
0.0	0.029950495049504974
0.0	0.03019801980198022
0.0	0.03044554455445547
0.0	0.030693069306930717
0.0	0.030940594059405965
0.0	0.031188118811881212
0.0	0.03143564356435646
0.0	0.031683168316831704
0.0	0.03193069306930695
0.0	0.0321782178217822
0.0	0.03242574257425745
0.0	0.032673267326732695
0.0	0.03292079207920794
0.0	0.03316831683168319
0.0	0.03341584158415844
0.0	0.033663366336633686
0.0	0.033910891089108934
0.0	0.03415841584158418
0.0	0.03440594059405943
0.0	0.03465346534653468
0.0	0.034900990099009925
0.0	0.03514851485148517
0.0	0.03539603960396042
0.0	0.03564356435643567
0.0	0.035891089108910916
0.0	0.036138613861386164
0.0	0.03638613861386141
0.0	0.03663366336633666
0.0	0.03688118811881191
0.0	0.037128712871287155
0.0	0.0373762376237624
0.0	0.03762376237623765
0.0	0.0378712871287129
0.0	0.038118811881188146
0.0	0.038366336633663393
0.0	0.03861386138613864
0.0	0.03886138613861389
0.0	0.03910891089108914
0.0	0.039356435643564384
0.0	0.03960396039603963
0.0	0.03985148514851488
0.0	0.04009900990099013
0.0	0.040346534653465375
0.0	0.04059405940594062
0.0	0.04084158415841587
0.0	0.04108910891089112
0.0	0.041336633663366366
0.0	0.041584158415841614
0.0	0.04183168316831686
0.0	0.04207920792079211
0.0	0.04232673267326736
0.0	0.042574257425742605
0.0	0.04282178217821785
0.0	0.0430693069306931
0.0	0.04331683168316835
0.0	0.043564356435643596
0.0	0.043811881188118844
0.0	0.04405940594059409
0.0	0.04430693069306934
0.0	0.04455445544554459
0.0	0.044801980198019835
0.0	0.04504950495049508
0.0	0.04529702970297033
0.0	0.04554455445544558
0.0	0.045792079207920826
0.0	0.046039603960396074
0.0	0.04628712871287132
0.0	0.04653465346534657
0.0	0.04678217821782182
0.0	0.047029702970297065
0.0	0.047277227722772305
0.0	0.04752475247524755
0.0	0.0477722772277228
0.0	0.04801980198019805
0.0	0.048267326732673296
0.0	0.048514851485148544
0.0	0.04876237623762379
0.0	0.04900990099009904
0.0	0.04925742574257429
0.0	0.049504950495049535
0.0	0.04975247524752478
0.0	0.05000000000000003
0.0	0.05024752475247528
0.0	0.050495049504950526
0.0	0.050742574257425774
0.0	0.05099009900990102
0.0	0.05123762376237627
0.0	0.05148514851485152
0.0	0.051732673267326765
0.0	0.05198019801980201
0.0	0.05222772277227726
0.0	0.05247524752475251
0.0	0.052722772277227756
0.0	0.052970297029703
0.0	0.05321782178217825
0.0	0.0534653465346535
0.0	0.05371287128712875
0.0	0.053960396039603994
0.0	0.05420792079207924
0.0	0.05445544554455449
0.0	0.05470297029702974
0.0	0.054950495049504985
0.0	0.05519801980198023
0.0	0.05544554455445548
0.0	0.05569306930693073
0.0	0.055940594059405976
0.0	0.056188118811881224
0.0	0.05643564356435647
0.0	0.05668316831683172
0.0	0.05693069306930697
0.0	0.057178217821782215
0.0	0.05742574257425746
0.0	0.05767326732673271
0.0	0.05792079207920796
0.0	0.058168316831683206
0.0	0.058415841584158454
0.0	0.0586633663366337
0.0	0.05891089108910895
0.0	0.0591584158415842
0.0	0.059405940594059445
0.0	0.05965346534653469
0.0	0.05990099009900994
0.0	0.06014851485148519
0.0	0.060396039603960436
0.0	0.060643564356435684
0.0	0.06089108910891093
0.0	0.06113861386138618
0.0	0.06138613861386143
0.0	0.061633663366336675
0.0	0.06188118811881192
0.0	0.06212871287128717
0.0	0.06237623762376242
0.0	0.06262376237623767
0.0	0.06287128712871291
0.0	0.06311881188118816
0.0	0.06336633663366341
0.0	0.06361386138613866
0.0	0.0638613861386139
0.0	0.06410891089108915
0.0	0.0643564356435644
0.0	0.06460396039603965
0.0	0.0648514851485149
0.0	0.06509900990099014
0.0	0.06534653465346539
0.0	0.06559405940594064
0.0	0.06584158415841589
0.0	0.06608910891089113
0.0	0.06633663366336638
0.0	0.06658415841584163
0.0	0.06683168316831688
0.0	0.06707920792079212
0.0	0.06732673267326737
0.0	0.06757425742574262
0.0	0.06782178217821787
0.0	0.06806930693069312
0.0	0.06831683168316836
0.0	0.06856435643564361
0.0	0.06881188118811886
0.0	0.0690594059405941
0.0	0.06930693069306935
0.0	0.0695544554455446
0.0	0.06980198019801985
0.0	0.0700495049504951
0.0	0.07029702970297035
0.0	0.0705445544554456
0.0	0.07079207920792084
0.0	0.07103960396039609
0.0	0.07128712871287134
0.0	0.07153465346534658
0.0	0.07178217821782183
0.0	0.07202970297029708
0.0	0.07227722772277233
0.0	0.07252475247524758
0.0	0.07277227722772282
0.0	0.07301980198019807
0.0	0.07326732673267332
0.0	0.07351485148514857
0.0	0.07376237623762381
0.0	0.07400990099009906
0.0	0.07425742574257431
0.0	0.07450495049504956
0.0	0.0747524752475248
0.0	0.07500000000000005
0.0	0.0752475247524753
0.0	0.07549504950495055
0.0	0.0757425742574258
0.0	0.07599009900990104
0.0	0.07623762376237629
0.0	0.07648514851485154
0.0	0.07673267326732679
0.0	0.07698019801980203
0.0	0.07722772277227728
0.0	0.07747524752475253
0.0	0.07772277227722778
0.0	0.07797029702970303
0.0	0.07821782178217827
0.0	0.07846534653465352
0.0	0.07871287128712877
0.0	0.07896039603960402
0.0	0.07920792079207926
0.0	0.07945544554455451
0.0	0.07970297029702976
0.0	0.07995049504950501
0.0	0.08019801980198026
0.0	0.0804455445544555
0.0	0.08069306930693075
0.0	0.080940594059406
0.0	0.08118811881188125
0.0	0.0814356435643565
0.0	0.08168316831683174
0.0	0.08193069306930699
0.0	0.08217821782178224
0.0	0.08242574257425749
0.0	0.08267326732673273
0.0	0.08292079207920798
0.0	0.08316831683168323
0.0	0.08341584158415848
0.0	0.08366336633663372
0.0	0.08391089108910897
0.0	0.08415841584158422
0.0	0.08440594059405947
0.0	0.08465346534653471
0.0	0.08490099009900996
0.0	0.08514851485148521
0.0	0.08539603960396046
0.0	0.0856435643564357
0.0	0.08589108910891095
0.0	0.0861386138613862
0.0	0.08638613861386145
0.0	0.0866336633663367
0.0	0.08688118811881194
0.0	0.08712871287128719
0.0	0.08737623762376244
0.0	0.08762376237623769
0.0	0.08787128712871294
0.0	0.08811881188118818
0.0	0.08836633663366343
0.0	0.08861386138613868
0.0	0.08886138613861393
0.0	0.08910891089108917
0.0	0.08935643564356442
0.0	0.08960396039603967
0.0	0.08985148514851492
0.0	0.09009900990099017
0.0	0.09034653465346541
0.0	0.09059405940594066
0.0	0.09084158415841591
0.0	0.09108910891089116
0.0	0.0913366336633664
0.0	0.09158415841584165
0.0	0.0918316831683169
0.0	0.09207920792079215
0.0	0.0923267326732674
0.0	0.09257425742574264
0.0	0.09282178217821789
0.0	0.09306930693069314
0.0	0.09331683168316839
0.0	0.09356435643564363
0.0	0.09381188118811888
0.0	0.09405940594059413
0.0	0.09430693069306938
0.0	0.09455445544554462
0.0	0.09480198019801987
0.0	0.09504950495049512
0.0	0.09529702970297037
0.0	0.09554455445544562
0.0	0.09579207920792086
0.0	0.09603960396039611
0.0	0.09628712871287136
0.0	0.0965346534653466
0.0	0.09678217821782185
0.0	0.0970297029702971
0.0	0.09727722772277235
0.0	0.0975247524752476
0.0	0.09777227722772285
0.0	0.09801980198019809
0.0	0.09826732673267334
0.0	0.09851485148514859
0.0	0.09876237623762384
0.0	0.09900990099009908
0.0	0.09925742574257433
0.0	0.09950495049504958
0.0	0.09975247524752483
0.0	0.10000000000000007
0.0	0.10024752475247532
0.0	0.10049504950495057
0.0	0.10074257425742582
0.0	0.10099009900990107
0.0	0.10123762376237631
0.0	0.10148514851485156
0.0	0.10173267326732681
0.0	0.10198019801980206
0.0	0.1022277227722773
0.0	0.10247524752475255
0.0	0.1027227722772278
0.0	0.10297029702970305
0.0	0.1032178217821783
0.0	0.10346534653465354
0.0	0.10371287128712879
0.0	0.10396039603960404
0.0	0.10420792079207929
0.0	0.10445544554455453
0.0	0.10470297029702978
0.0	0.10495049504950503
0.0	0.10519801980198028
0.0	0.10544554455445553
0.0	0.10569306930693077
0.0	0.10594059405940602
0.0	0.10618811881188127
0.0	0.10643564356435652
0.0	0.10668316831683176
0.0	0.10693069306930701
0.0	0.10717821782178226
0.0	0.10742574257425751
0.0	0.10767326732673276
0.0	0.107920792079208
0.0	0.10816831683168325
0.0	0.1084158415841585
0.0	0.10866336633663375
0.0	0.108910891089109
0.0	0.10915841584158424
0.0	0.10940594059405949
0.0	0.10965346534653474
0.0	0.10990099009900998
0.0	0.11014851485148523
0.0	0.11039603960396048
0.0	0.11064356435643573
0.0	0.11089108910891098
0.0	0.11113861386138622
0.0	0.11138613861386147
0.0	0.11163366336633672
0.0	0.11188118811881197
0.0	0.11212871287128721
0.0	0.11237623762376246
0.0	0.11262376237623771
0.0	0.11287128712871296
0.0	0.1131188118811882
0.0	0.11336633663366345
0.0	0.1136138613861387
0.0	0.11386138613861395
0.0	0.1141089108910892
0.0	0.11435643564356444
0.0	0.11460396039603969
0.0	0.11485148514851494
0.0	0.11509900990099019
0.0	0.11534653465346544
0.0	0.11559405940594068
0.0	0.11584158415841593
0.0	0.11608910891089118
0.0	0.11633663366336643
0.0	0.11658415841584167
0.0	0.11683168316831692
0.0	0.11707920792079217
0.0	0.11732673267326742
0.0	0.11757425742574266
0.0	0.11782178217821791
0.0	0.11806930693069316
0.0	0.11831683168316841
0.0	0.11856435643564366
0.0	0.1188118811881189
0.0	0.11905940594059415
0.0	0.1193069306930694
0.0	0.11955445544554465
0.0	0.1198019801980199
0.0	0.12004950495049514
0.0	0.12029702970297039
0.0	0.12054455445544564
0.0	0.12079207920792089
0.0	0.12103960396039613
0.0	0.12128712871287138
0.0	0.12153465346534663
0.0	0.12178217821782188
0.0	0.12202970297029712
0.0	0.12227722772277237
0.0	0.12252475247524762
0.0	0.12277227722772287
0.0	0.12301980198019812
0.0	0.12326732673267336
0.0	0.12351485148514861
0.0	0.12376237623762386
0.0	0.1240099009900991
0.0	0.12425742574257435
0.0	0.1245049504950496
0.0	0.12475247524752485
0.0	0.12500000000000008
0.0	0.12524752475247533
0.0	0.12549504950495058
0.0	0.12574257425742583
0.0	0.12599009900990107
0.0	0.12623762376237632
0.0	0.12648514851485157
0.0	0.12673267326732682
0.0	0.12698019801980207
0.0	0.1272277227722773
0.0	0.12747524752475256
0.0	0.1277227722772278
0.0	0.12797029702970306
0.0	0.1282178217821783
0.0	0.12846534653465355
0.0	0.1287128712871288
0.0	0.12896039603960405
0.0	0.1292079207920793
0.0	0.12945544554455454
0.0	0.1297029702970298
0.0	0.12995049504950504
0.0	0.13019801980198029
0.0	0.13044554455445553
0.0	0.13069306930693078
0.0	0.13094059405940603
0.0	0.13118811881188128
0.0	0.13143564356435652
0.0	0.13168316831683177
0.0	0.13193069306930702
0.0	0.13217821782178227
0.0	0.13242574257425752
0.0	0.13267326732673276
0.0	0.132920792079208
0.0	0.13316831683168326
0.0	0.1334158415841585
0.0	0.13366336633663375
0.0	0.133910891089109
0.0	0.13415841584158425
0.0	0.1344059405940595
0.0	0.13465346534653475
0.0	0.13490099009901
0.0	0.13514851485148524
0.0	0.1353960396039605
0.0	0.13564356435643574
0.0	0.13589108910891098
0.0	0.13613861386138623
0.0	0.13638613861386148
0.0	0.13663366336633673
0.0	0.13688118811881198
0.0	0.13712871287128722
0.0	0.13737623762376247
0.0	0.13762376237623772
0.0	0.13787128712871297
0.0	0.1381188118811882
0.0	0.13836633663366346
0.0	0.1386138613861387
0.0	0.13886138613861396
0.0	0.1391089108910892
0.0	0.13935643564356445
0.0	0.1396039603960397
0.0	0.13985148514851495
0.0	0.1400990099009902
0.0	0.14034653465346544
0.0	0.1405940594059407
0.0	0.14084158415841594
0.0	0.1410891089108912
0.0	0.14133663366336643
0.0	0.14158415841584168
0.0	0.14183168316831693
0.0	0.14207920792079218
0.0	0.14232673267326743
0.0	0.14257425742574267
0.0	0.14282178217821792
0.0	0.14306930693069317
0.0	0.14331683168316842
0.0	0.14356435643564366
0.0	0.1438118811881189
0.0	0.14405940594059416
0.0	0.1443069306930694
0.0	0.14455445544554466
0.0	0.1448019801980199
0.0	0.14504950495049515
0.0	0.1452970297029704
0.0	0.14554455445544565
0.0	0.1457920792079209
0.0	0.14603960396039614
0.0	0.1462871287128714
0.0	0.14653465346534664
0.0	0.14678217821782188
0.0	0.14702970297029713
0.0	0.14727722772277238
0.0	0.14752475247524763
0.0	0.14777227722772288
0.0	0.14801980198019812
0.0	0.14826732673267337
0.0	0.14851485148514862
0.0	0.14876237623762387
0.0	0.14900990099009911
0.0	0.14925742574257436
0.0	0.1495049504950496
0.0	0.14975247524752486
0.0	0.1500000000000001
0.0	0.15024752475247535
0.0	0.1504950495049506
0.0	0.15074257425742585
0.0	0.1509900990099011
0.0	0.15123762376237634
0.0	0.1514851485148516
0.0	0.15173267326732684
0.0	0.1519801980198021
0.0	0.15222772277227734
0.0	0.15247524752475258
0.0	0.15272277227722783
0.0	0.15297029702970308
0.0	0.15321782178217833
0.0	0.15346534653465357
0.0	0.15371287128712882
0.0	0.15396039603960407
0.0	0.15420792079207932
0.0	0.15445544554455456
0.0	0.1547029702970298
0.0	0.15495049504950506
0.0	0.1551980198019803
0.0	0.15544554455445556
0.0	0.1556930693069308
0.0	0.15594059405940605
0.0	0.1561881188118813
0.0	0.15643564356435655
0.0	0.1566831683168318
0.0	0.15693069306930704
0.0	0.1571782178217823
0.0	0.15742574257425754
0.0	0.15767326732673279
0.0	0.15792079207920803
0.0	0.15816831683168328
0.0	0.15841584158415853
0.0	0.15866336633663378
0.0	0.15891089108910902
0.0	0.15915841584158427
0.0	0.15940594059405952
0.0	0.15965346534653477
0.0	0.15990099009901002
0.0	0.16014851485148526
0.0	0.1603960396039605
0.0	0.16064356435643576
0.0	0.160891089108911
0.0	0.16113861386138625
0.0	0.1613861386138615
0.0	0.16163366336633675
0.0	0.161881188118812
0.0	0.16212871287128724
0.0	0.1623762376237625
0.0	0.16262376237623774
0.0	0.162871287128713
0.0	0.16311881188118824
0.0	0.16336633663366348
0.0	0.16361386138613873
0.0	0.16386138613861398
0.0	0.16410891089108923
0.0	0.16435643564356447
0.0	0.16460396039603972
0.0	0.16485148514851497
0.0	0.16509900990099022
0.0	0.16534653465346547
0.0	0.1655940594059407
0.0	0.16584158415841596
0.0	0.1660891089108912
0.0	0.16633663366336646
0.0	0.1665841584158417
0.0	0.16683168316831695
0.0	0.1670792079207922
0.0	0.16732673267326745
0.0	0.1675742574257427
0.0	0.16782178217821794
0.0	0.1680693069306932
0.0	0.16831683168316844
0.0	0.1685643564356437
0.0	0.16881188118811893
0.0	0.16905940594059418
0.0	0.16930693069306943
0.0	0.16955445544554468
0.0	0.16980198019801993
0.0	0.17004950495049517
0.0	0.17029702970297042
0.0	0.17054455445544567
0.0	0.17079207920792092
0.0	0.17103960396039616
0.0	0.1712871287128714
0.0	0.17153465346534666
0.0	0.1717821782178219
0.0	0.17202970297029715
0.0	0.1722772277227724
0.0	0.17252475247524765
0.0	0.1727722772277229
0.0	0.17301980198019815
0.0	0.1732673267326734
0.0	0.17351485148514864
0.0	0.1737623762376239
0.0	0.17400990099009914
0.0	0.17425742574257438
0.0	0.17450495049504963
0.0	0.17475247524752488
0.0	0.17500000000000013
0.0	0.17524752475247538
0.0	0.17549504950495062
0.0	0.17574257425742587
0.0	0.17599009900990112
0.0	0.17623762376237637
0.0	0.17648514851485161
0.0	0.17673267326732686
0.0	0.1769801980198021
0.0	0.17722772277227736
0.0	0.1774752475247526
0.0	0.17772277227722785
0.0	0.1779702970297031
0.0	0.17821782178217835
0.0	0.1784653465346536
0.0	0.17871287128712884
0.0	0.1789603960396041
0.0	0.17920792079207934
0.0	0.1794554455445546
0.0	0.17970297029702983
0.0	0.17995049504950508
0.0	0.18019801980198033
0.0	0.18044554455445558
0.0	0.18069306930693083
0.0	0.18094059405940607
0.0	0.18118811881188132
0.0	0.18143564356435657
0.0	0.18168316831683182
0.0	0.18193069306930706
0.0	0.1821782178217823
0.0	0.18242574257425756
0.0	0.1826732673267328
0.0	0.18292079207920806
0.0	0.1831683168316833
0.0	0.18341584158415855
0.0	0.1836633663366338
0.0	0.18391089108910905
0.0	0.1841584158415843
0.0	0.18440594059405954
0.0	0.1846534653465348
0.0	0.18490099009901004
0.0	0.18514851485148529
0.0	0.18539603960396053
0.0	0.18564356435643578
0.0	0.18589108910891103
0.0	0.18613861386138628
0.0	0.18638613861386152
0.0	0.18663366336633677
0.0	0.18688118811881202
0.0	0.18712871287128727
0.0	0.18737623762376251
0.0	0.18762376237623776
0.0	0.187871287128713
0.0	0.18811881188118826
0.0	0.1883663366336635
0.0	0.18861386138613875
0.0	0.188861386138614
0.0	0.18910891089108925
0.0	0.1893564356435645
0.0	0.18960396039603974
0.0	0.189851485148515
0.0	0.19009900990099024
0.0	0.1903465346534655
0.0	0.19059405940594074
0.0	0.19084158415841598
0.0	0.19108910891089123
0.0	0.19133663366336648
0.0	0.19158415841584173
0.0	0.19183168316831697
0.0	0.19207920792079222
0.0	0.19232673267326747
0.0	0.19257425742574272
0.0	0.19282178217821797
0.0	0.1930693069306932
0.0	0.19331683168316846
0.0	0.1935643564356437
0.0	0.19381188118811896
0.0	0.1940594059405942
0.0	0.19430693069306945
0.0	0.1945544554455447
0.0	0.19480198019801995
0.0	0.1950495049504952
0.0	0.19529702970297044
0.0	0.1955445544554457
0.0	0.19579207920792094
0.0	0.19603960396039619
0.0	0.19628712871287143
0.0	0.19653465346534668
0.0	0.19678217821782193
0.0	0.19702970297029718
0.0	0.19727722772277242
0.0	0.19752475247524767
0.0	0.19777227722772292
0.0	0.19801980198019817
0.0	0.19826732673267342
0.0	0.19851485148514866
0.0	0.1987623762376239
0.0	0.19900990099009916
0.0	0.1992574257425744
0.0	0.19950495049504965
0.0	0.1997524752475249
0.0	0.20000000000000015
0.0	0.2002475247524754
0.0	0.20049504950495065
0.0	0.2007425742574259
0.0	0.20099009900990114
0.0	0.2012376237623764
0.0	0.20148514851485164
0.0	0.20173267326732688
0.0	0.20198019801980213
0.0	0.20222772277227738
0.0	0.20247524752475263
0.0	0.20272277227722788
0.0	0.20297029702970312
0.0	0.20321782178217837
0.0	0.20346534653465362
0.0	0.20371287128712887
0.0	0.2039603960396041
0.0	0.20420792079207936
0.0	0.2044554455445546
0.0	0.20470297029702986
0.0	0.2049504950495051
0.0	0.20519801980198035
0.0	0.2054455445544556
0.0	0.20569306930693085
0.0	0.2059405940594061
0.0	0.20618811881188134
0.0	0.2064356435643566
0.0	0.20668316831683184
0.0	0.2069306930693071
0.0	0.20717821782178233
0.0	0.20742574257425758
0.0	0.20767326732673283
0.0	0.20792079207920808
0.0	0.20816831683168333
0.0	0.20841584158415857
0.0	0.20866336633663382
0.0	0.20891089108910907
0.0	0.20915841584158432
0.0	0.20940594059405956
0.0	0.2096534653465348
0.0	0.20990099009901006
0.0	0.2101485148514853
0.0	0.21039603960396056
0.0	0.2106435643564358
0.0	0.21089108910891105
0.0	0.2111386138613863
0.0	0.21138613861386155
0.0	0.2116336633663368
0.0	0.21188118811881204
0.0	0.2121287128712873
0.0	0.21237623762376254
0.0	0.21262376237623778
0.0	0.21287128712871303
0.0	0.21311881188118828
0.0	0.21336633663366353
0.0	0.21361386138613878
0.0	0.21386138613861402
0.0	0.21410891089108927
0.0	0.21435643564356452
0.0	0.21460396039603977
0.0	0.21485148514851501
0.0	0.21509900990099026
0.0	0.2153465346534655
0.0	0.21559405940594076
0.0	0.215841584158416
0.0	0.21608910891089125
0.0	0.2163366336633665
0.0	0.21658415841584175
0.0	0.216831683168317
0.0	0.21707920792079224
0.0	0.2173267326732675
0.0	0.21757425742574274
0.0	0.217821782178218
0.0	0.21806930693069324
0.0	0.21831683168316848
0.0	0.21856435643564373
0.0	0.21881188118811898
0.0	0.21905940594059423
0.0	0.21930693069306947
0.0	0.21955445544554472
0.0	0.21980198019801997
0.0	0.22004950495049522
0.0	0.22029702970297046
0.0	0.2205445544554457
0.0	0.22079207920792096
0.0	0.2210396039603962
0.0	0.22128712871287146
0.0	0.2215346534653467
0.0	0.22178217821782195
0.0	0.2220297029702972
0.0	0.22227722772277245
0.0	0.2225247524752477
0.0	0.22277227722772294
0.0	0.2230198019801982
0.0	0.22326732673267344
0.0	0.22351485148514869
0.0	0.22376237623762393
0.0	0.22400990099009918
0.0	0.22425742574257443
0.0	0.22450495049504968
0.0	0.22475247524752492
0.0	0.22500000000000017
0.0	0.22524752475247542
0.0	0.22549504950495067
0.0	0.22574257425742592
0.0	0.22599009900990116
0.0	0.2262376237623764
0.0	0.22648514851485166
0.0	0.2267326732673269
0.0	0.22698019801980215
0.0	0.2272277227722774
0.0	0.22747524752475265
0.0	0.2277227722772279
0.0	0.22797029702970315
0.0	0.2282178217821784
0.0	0.22846534653465364
0.0	0.2287128712871289
0.0	0.22896039603960414
0.0	0.22920792079207938
0.0	0.22945544554455463
0.0	0.22970297029702988
0.0	0.22995049504950513
0.0	0.23019801980198037
0.0	0.23044554455445562
0.0	0.23069306930693087
0.0	0.23094059405940612
0.0	0.23118811881188137
0.0	0.2314356435643566
0.0	0.23168316831683186
0.0	0.2319306930693071
0.0	0.23217821782178236
0.0	0.2324257425742576
0.0	0.23267326732673285
0.0	0.2329207920792081
0.0	0.23316831683168335
0.0	0.2334158415841586
0.0	0.23366336633663384
0.0	0.2339108910891091
0.0	0.23415841584158434
0.0	0.2344059405940596
0.0	0.23465346534653483
0.0	0.23490099009901008
0.0	0.23514851485148533
0.0	0.23539603960396058
0.0	0.23564356435643583
0.0	0.23589108910891107
0.0	0.23613861386138632
0.0	0.23638613861386157
0.0	0.23663366336633682
0.0	0.23688118811881206
0.0	0.2371287128712873
0.0	0.23737623762376256
0.0	0.2376237623762378
0.0	0.23787128712871305
0.0	0.2381188118811883
0.0	0.23836633663366355
0.0	0.2386138613861388
0.0	0.23886138613861405
0.0	0.2391089108910893
0.0	0.23935643564356454
0.0	0.2396039603960398
0.0	0.23985148514851504
0.0	0.24009900990099028
0.0	0.24034653465346553
0.0	0.24059405940594078
0.0	0.24084158415841603
0.0	0.24108910891089128
0.0	0.24133663366336652
0.0	0.24158415841584177
0.0	0.24183168316831702
0.0	0.24207920792079227
0.0	0.24232673267326751
0.0	0.24257425742574276
0.0	0.242821782178218
0.0	0.24306930693069326
0.0	0.2433168316831685
0.0	0.24356435643564375
0.0	0.243811881188119
0.0	0.24405940594059425
0.0	0.2443069306930695
0.0	0.24455445544554474
0.0	0.24480198019802
0.0	0.24504950495049524
0.0	0.2452970297029705
0.0	0.24554455445544573
0.0	0.24579207920792098
0.0	0.24603960396039623
0.0	0.24628712871287148
0.0	0.24653465346534673
0.0	0.24678217821782197
0.0	0.24702970297029722
0.0	0.24727722772277247
0.0	0.24752475247524772
0.0	0.24777227722772296
0.0	0.2480198019801982
0.0	0.24826732673267346
0.0	0.2485148514851487
0.0	0.24876237623762396
0.0	0.2490099009900992
0.0	0.24925742574257445
0.0	0.2495049504950497
0.0	0.24975247524752495
0.0	0.25000000000000017
0.0	0.2502475247524754
0.0	0.25049504950495066
0.0	0.2507425742574259
0.0	0.25099009900990116
0.0	0.2512376237623764
0.0	0.25148514851485165
0.0	0.2517326732673269
0.0	0.25198019801980215
0.0	0.2522277227722774
0.0	0.25247524752475264
0.0	0.2527227722772279
0.0	0.25297029702970314
0.0	0.2532178217821784
0.0	0.25346534653465363
0.0	0.2537128712871289
0.0	0.25396039603960413
0.0	0.2542079207920794
0.0	0.2544554455445546
0.0	0.2547029702970299
0.0	0.2549504950495051
0.0	0.25519801980198037
0.0	0.2554455445544556
0.0	0.25569306930693086
0.0	0.2559405940594061
0.0	0.25618811881188136
0.0	0.2564356435643566
0.0	0.25668316831683186
0.0	0.2569306930693071
0.0	0.25717821782178235
0.0	0.2574257425742576
0.0	0.25767326732673285
0.0	0.2579207920792081
0.0	0.25816831683168334
0.0	0.2584158415841586
0.0	0.25866336633663384
0.0	0.2589108910891091
0.0	0.25915841584158433
0.0	0.2594059405940596
0.0	0.25965346534653483
0.0	0.2599009900990101
0.0	0.2601485148514853
0.0	0.26039603960396057
0.0	0.2606435643564358
0.0	0.26089108910891107
0.0	0.2611386138613863
0.0	0.26138613861386156
0.0	0.2616336633663368
0.0	0.26188118811881206
0.0	0.2621287128712873
0.0	0.26237623762376255
0.0	0.2626237623762378
0.0	0.26287128712871305
0.0	0.2631188118811883
0.0	0.26336633663366354
0.0	0.2636138613861388
0.0	0.26386138613861404
0.0	0.2641089108910893
0.0	0.26435643564356454
0.0	0.2646039603960398
0.0	0.26485148514851503
0.0	0.2650990099009903
0.0	0.2653465346534655
0.0	0.2655940594059408
0.0	0.265841584158416
0.0	0.26608910891089127
0.0	0.2663366336633665
0.0	0.26658415841584177
0.0	0.266831683168317
0.0	0.26707920792079226
0.0	0.2673267326732675
0.0	0.26757425742574276
0.0	0.267821782178218
0.0	0.26806930693069325
0.0	0.2683168316831685
0.0	0.26856435643564375
0.0	0.268811881188119
0.0	0.26905940594059424
0.0	0.2693069306930695
0.0	0.26955445544554474
0.0	0.26980198019802
0.0	0.27004950495049523
0.0	0.2702970297029705
0.0	0.27054455445544573
0.0	0.270792079207921
0.0	0.2710396039603962
0.0	0.2712871287128715
0.0	0.2715346534653467
0.0	0.27178217821782197
0.0	0.2720297029702972
0.0	0.27227722772277246
0.0	0.2725247524752477
0.0	0.27277227722772296
0.0	0.2730198019801982
0.0	0.27326732673267345
0.0	0.2735148514851487
0.0	0.27376237623762395
0.0	0.2740099009900992
0.0	0.27425742574257445
0.0	0.2745049504950497
0.0	0.27475247524752494
0.0	0.2750000000000002
0.0	0.27524752475247544
0.0	0.2754950495049507
0.0	0.27574257425742593
0.0	0.2759900990099012
0.0	0.2762376237623764
0.0	0.2764851485148517
0.0	0.2767326732673269
0.0	0.27698019801980217
0.0	0.2772277227722774
0.0	0.27747524752475267
0.0	0.2777227722772279
0.0	0.27797029702970316
0.0	0.2782178217821784
0.0	0.27846534653465366
0.0	0.2787128712871289
0.0	0.27896039603960415
0.0	0.2792079207920794
0.0	0.27945544554455465
0.0	0.2797029702970299
0.0	0.27995049504950514
0.0	0.2801980198019804
0.0	0.28044554455445564
0.0	0.2806930693069309
0.0	0.28094059405940613
0.0	0.2811881188118814
0.0	0.28143564356435663
0.0	0.2816831683168319
0.0	0.2819306930693071
0.0	0.2821782178217824
0.0	0.2824257425742576
0.0	0.28267326732673287
0.0	0.2829207920792081
0.0	0.28316831683168336
0.0	0.2834158415841586
0.0	0.28366336633663386
0.0	0.2839108910891091
0.0	0.28415841584158436
0.0	0.2844059405940596
0.0	0.28465346534653485
0.0	0.2849009900990101
0.0	0.28514851485148535
0.0	0.2853960396039606
0.0	0.28564356435643584
0.0	0.2858910891089111
0.0	0.28613861386138634
0.0	0.2863861386138616
0.0	0.28663366336633683
0.0	0.2868811881188121
0.0	0.28712871287128733
0.0	0.2873762376237626
0.0	0.2876237623762378
0.0	0.28787128712871307
0.0	0.2881188118811883
0.0	0.28836633663366357
0.0	0.2886138613861388
0.0	0.28886138613861406
0.0	0.2891089108910893
0.0	0.28935643564356456
0.0	0.2896039603960398
0.0	0.28985148514851505
0.0	0.2900990099009903
0.0	0.29034653465346555
0.0	0.2905940594059408
0.0	0.29084158415841604
0.0	0.2910891089108913
0.0	0.29133663366336654
0.0	0.2915841584158418
0.0	0.29183168316831704
0.0	0.2920792079207923
0.0	0.29232673267326753
0.0	0.2925742574257428
0.0	0.292821782178218
0.0	0.2930693069306933
0.0	0.2933168316831685
0.0	0.29356435643564377
0.0	0.293811881188119
0.0	0.29405940594059427
0.0	0.2943069306930695
0.0	0.29455445544554476
0.0	0.29480198019802
0.0	0.29504950495049526
0.0	0.2952970297029705
0.0	0.29554455445544575
0.0	0.295792079207921
0.0	0.29603960396039625
0.0	0.2962871287128715
0.0	0.29653465346534674
0.0	0.296782178217822
0.0	0.29702970297029724
0.0	0.2972772277227725
0.0	0.29752475247524773
0.0	0.297772277227723
0.0	0.29801980198019823
0.0	0.2982673267326735
0.0	0.2985148514851487
0.0	0.29876237623762397
0.0	0.2990099009900992
0.0	0.29925742574257447
0.0	0.2995049504950497
0.0	0.29975247524752496
0.0	0.3000000000000002
0.0	0.30024752475247546
0.0	0.3004950495049507
0.0	0.30074257425742595
0.0	0.3009900990099012
0.0	0.30123762376237645
0.0	0.3014851485148517
0.0	0.30173267326732695
0.0	0.3019801980198022
0.0	0.30222772277227744
0.0	0.3024752475247527
0.0	0.30272277227722794
0.0	0.3029702970297032
0.0	0.30321782178217843
0.0	0.3034653465346537
0.0	0.3037128712871289
0.0	0.3039603960396042
0.0	0.3042079207920794
0.0	0.30445544554455467
0.0	0.3047029702970299
0.0	0.30495049504950517
0.0	0.3051980198019804
0.0	0.30544554455445566
0.0	0.3056930693069309
0.0	0.30594059405940616
0.0	0.3061881188118814
0.0	0.30643564356435665
0.0	0.3066831683168319
0.0	0.30693069306930715
0.0	0.3071782178217824
0.0	0.30742574257425764
0.0	0.3076732673267329
0.0	0.30792079207920814
0.0	0.3081683168316834
0.0	0.30841584158415863
0.0	0.3086633663366339
0.0	0.30891089108910913
0.0	0.3091584158415844
0.0	0.3094059405940596
0.0	0.3096534653465349
0.0	0.3099009900990101
0.0	0.31014851485148537
0.0	0.3103960396039606
0.0	0.31064356435643586
0.0	0.3108910891089111
0.0	0.31113861386138636
0.0	0.3113861386138616
0.0	0.31163366336633685
0.0	0.3118811881188121
0.0	0.31212871287128735
0.0	0.3123762376237626
0.0	0.31262376237623785
0.0	0.3128712871287131
0.0	0.31311881188118834
0.0	0.3133663366336636
0.0	0.31361386138613884
0.0	0.3138613861386141
0.0	0.31410891089108933
0.0	0.3143564356435646
0.0	0.31460396039603983
0.0	0.3148514851485151
0.0	0.3150990099009903
0.0	0.31534653465346557
0.0	0.3155940594059408
0.0	0.31584158415841607
0.0	0.3160891089108913
0.0	0.31633663366336656
0.0	0.3165841584158418
0.0	0.31683168316831706
0.0	0.3170792079207923
0.0	0.31732673267326755
0.0	0.3175742574257428
0.0	0.31782178217821805
0.0	0.3180693069306933
0.0	0.31831683168316854
0.0	0.3185643564356438
0.0	0.31881188118811904
0.0	0.3190594059405943
0.0	0.31930693069306954
0.0	0.3195544554455448
0.0	0.31980198019802003
0.0	0.3200495049504953
0.0	0.3202970297029705
0.0	0.3205445544554458
0.0	0.320792079207921
0.0	0.32103960396039627
0.0	0.3212871287128715
0.0	0.32153465346534676
0.0	0.321782178217822
0.0	0.32202970297029726
0.0	0.3222772277227725
0.0	0.32252475247524776
0.0	0.322772277227723
0.0	0.32301980198019825
0.0	0.3232673267326735
0.0	0.32351485148514875
0.0	0.323762376237624
0.0	0.32400990099009924
0.0	0.3242574257425745
0.0	0.32450495049504974
0.0	0.324752475247525
0.0	0.32500000000000023
0.0	0.3252475247524755
0.0	0.32549504950495073
0.0	0.325742574257426
0.0	0.3259900990099012
0.0	0.32623762376237647
0.0	0.3264851485148517
0.0	0.32673267326732697
0.0	0.3269801980198022
0.0	0.32722772277227746
0.0	0.3274752475247527
0.0	0.32772277227722796
0.0	0.3279702970297032
0.0	0.32821782178217845
0.0	0.3284653465346537
0.0	0.32871287128712895
0.0	0.3289603960396042
0.0	0.32920792079207944
0.0	0.3294554455445547
0.0	0.32970297029702994
0.0	0.3299504950495052
0.0	0.33019801980198044
0.0	0.3304455445544557
0.0	0.33069306930693093
0.0	0.3309405940594062
0.0	0.3311881188118814
0.0	0.3314356435643567
0.0	0.3316831683168319
0.0	0.33193069306930717
0.0	0.3321782178217824
0.0	0.33242574257425767
0.0	0.3326732673267329
0.0	0.33292079207920816
0.0	0.3331683168316834
0.0	0.33341584158415866
0.0	0.3336633663366339
0.0	0.33391089108910915
0.0	0.3341584158415844
0.0	0.33440594059405965
0.0	0.3346534653465349
0.0	0.33490099009901014
0.0	0.3351485148514854
0.0	0.33539603960396064
0.0	0.3356435643564359
0.0	0.33589108910891113
0.0	0.3361386138613864
0.0	0.33638613861386163
0.0	0.3366336633663369
0.0	0.3368811881188121
0.0	0.3371287128712874
0.0	0.3373762376237626
0.0	0.33762376237623787
0.0	0.3378712871287131
0.0	0.33811881188118836
0.0	0.3383663366336636
0.0	0.33861386138613886
0.0	0.3388613861386141
0.0	0.33910891089108935
0.0	0.3393564356435646
0.0	0.33960396039603985
0.0	0.3398514851485151
0.0	0.34009900990099035
0.0	0.3403465346534656
0.0	0.34059405940594084
0.0	0.3408415841584161
0.0	0.34108910891089134
0.0	0.3413366336633666
0.0	0.34158415841584183
0.0	0.3418316831683171
0.0	0.3420792079207923
0.0	0.3423267326732676
0.0	0.3425742574257428
0.0	0.34282178217821807
0.0	0.3430693069306933
0.0	0.34331683168316857
0.0	0.3435643564356438
0.0	0.34381188118811906
0.0	0.3440594059405943
0.0	0.34430693069306956
0.0	0.3445544554455448
0.0	0.34480198019802005
0.0	0.3450495049504953
0.0	0.34529702970297055
0.0	0.3455445544554458
0.0	0.34579207920792104
0.0	0.3460396039603963
0.0	0.34628712871287154
0.0	0.3465346534653468
0.0	0.34678217821782203
0.0	0.3470297029702973
0.0	0.34727722772277253
0.0	0.3475247524752478
0.0	0.347772277227723
0.0	0.3480198019801983
0.0	0.3482673267326735
0.0	0.34851485148514877
0.0	0.348762376237624
0.0	0.34900990099009926
0.0	0.3492574257425745
0.0	0.34950495049504976
0.0	0.349752475247525
0.0	0.35000000000000026
0.0	0.3502475247524755
0.0	0.35049504950495075
0.0	0.350742574257426
0.0	0.35099009900990125
0.0	0.3512376237623765
0.0	0.35148514851485174
0.0	0.351732673267327
0.0	0.35198019801980224
0.0	0.3522277227722775
0.0	0.35247524752475273
0.0	0.352722772277228
0.0	0.35297029702970323
0.0	0.3532178217821785
0.0	0.3534653465346537
0.0	0.35371287128712897
0.0	0.3539603960396042
0.0	0.35420792079207947
0.0	0.3544554455445547
0.0	0.35470297029702996
0.0	0.3549504950495052
0.0	0.35519801980198046
0.0	0.3554455445544557
0.0	0.35569306930693095
0.0	0.3559405940594062
0.0	0.35618811881188145
0.0	0.3564356435643567
0.0	0.35668316831683194
0.0	0.3569306930693072
0.0	0.35717821782178244
0.0	0.3574257425742577
0.0	0.35767326732673294
0.0	0.3579207920792082
0.0	0.35816831683168343
0.0	0.3584158415841587
0.0	0.3586633663366339
0.0	0.3589108910891092
0.0	0.3591584158415844
0.0	0.35940594059405967
0.0	0.3596534653465349
0.0	0.35990099009901017
0.0	0.3601485148514854
0.0	0.36039603960396066
0.0	0.3606435643564359
0.0	0.36089108910891116
0.0	0.3611386138613864
0.0	0.36138613861386165
0.0	0.3616336633663369
0.0	0.36188118811881215
0.0	0.3621287128712874
0.0	0.36237623762376264
0.0	0.3626237623762379
0.0	0.36287128712871314
0.0	0.3631188118811884
0.0	0.36336633663366363
0.0	0.3636138613861389
0.0	0.36386138613861413
0.0	0.3641089108910894
0.0	0.3643564356435646
0.0	0.3646039603960399
0.0	0.3648514851485151
0.0	0.36509900990099037
0.0	0.3653465346534656
0.0	0.36559405940594086
0.0	0.3658415841584161
0.0	0.36608910891089136
0.0	0.3663366336633666
0.0	0.36658415841584185
0.0	0.3668316831683171
0.0	0.36707920792079235
0.0	0.3673267326732676
0.0	0.36757425742574285
0.0	0.3678217821782181
0.0	0.36806930693069334
0.0	0.3683168316831686
0.0	0.36856435643564384
0.0	0.3688118811881191
0.0	0.36905940594059433
0.0	0.3693069306930696
0.0	0.3695544554455448
0.0	0.3698019801980201
0.0	0.3700495049504953
0.0	0.37029702970297057
0.0	0.3705445544554458
0.0	0.37079207920792107
0.0	0.3710396039603963
0.0	0.37128712871287156
0.0	0.3715346534653468
0.0	0.37178217821782206
0.0	0.3720297029702973
0.0	0.37227722772277255
0.0	0.3725247524752478
0.0	0.37277227722772305
0.0	0.3730198019801983
0.0	0.37326732673267354
0.0	0.3735148514851488
0.0	0.37376237623762404
0.0	0.3740099009900993
0.0	0.37425742574257453
0.0	0.3745049504950498
0.0	0.37475247524752503
0.0	0.3750000000000003
0.0	0.37524752475247547
0.0	0.3754950495049507
0.0	0.37574257425742597
0.0	0.3759900990099012
0.0	0.37623762376237646
0.0	0.3764851485148517
0.0	0.37673267326732696
0.0	0.3769801980198022
0.0	0.37722772277227745
0.0	0.3774752475247527
0.0	0.37772277227722795
0.0	0.3779702970297032
0.0	0.37821782178217844
0.0	0.3784653465346537
0.0	0.37871287128712894
0.0	0.3789603960396042
0.0	0.37920792079207943
0.0	0.3794554455445547
0.0	0.37970297029702993
0.0	0.3799504950495052
0.0	0.3801980198019804
0.0	0.3804455445544557
0.0	0.3806930693069309
0.0	0.38094059405940617
0.0	0.3811881188118814
0.0	0.38143564356435666
0.0	0.3816831683168319
0.0	0.38193069306930716
0.0	0.3821782178217824
0.0	0.38242574257425765
0.0	0.3826732673267329
0.0	0.38292079207920815
0.0	0.3831683168316834
0.0	0.38341584158415865
0.0	0.3836633663366339
0.0	0.38391089108910914
0.0	0.3841584158415844
0.0	0.38440594059405964
0.0	0.3846534653465349
0.0	0.38490099009901013
0.0	0.3851485148514854
0.0	0.3853960396039606
0.0	0.3856435643564359
0.0	0.3858910891089111
0.0	0.38613861386138637
0.0	0.3863861386138616
0.0	0.38663366336633687
0.0	0.3868811881188121
0.0	0.38712871287128736
0.0	0.3873762376237626
0.0	0.38762376237623786
0.0	0.3878712871287131
0.0	0.38811881188118835
0.0	0.3883663366336636
0.0	0.38861386138613885
0.0	0.3888613861386141
0.0	0.38910891089108934
0.0	0.3893564356435646
0.0	0.38960396039603984
0.0	0.3898514851485151
0.0	0.39009900990099033
0.0	0.3903465346534656
0.0	0.39059405940594083
0.0	0.3908415841584161
0.0	0.3910891089108913
0.0	0.3913366336633666
0.0	0.3915841584158418
0.0	0.39183168316831707
0.0	0.3920792079207923
0.0	0.39232673267326756
0.0	0.3925742574257428
0.0	0.39282178217821806
0.0	0.3930693069306933
0.0	0.39331683168316856
0.0	0.3935643564356438
0.0	0.39381188118811905
0.0	0.3940594059405943
0.0	0.39430693069306955
0.0	0.3945544554455448
0.0	0.39480198019802004
0.0	0.3950495049504953
0.0	0.39529702970297054
0.0	0.3955445544554458
0.0	0.39579207920792103
0.0	0.3960396039603963
0.0	0.39628712871287153
0.0	0.3965346534653468
0.0	0.396782178217822
0.0	0.39702970297029727
0.0	0.3972772277227725
0.0	0.39752475247524777
0.0	0.397772277227723
0.0	0.39801980198019826
0.0	0.3982673267326735
0.0	0.39851485148514876
0.0	0.398762376237624
0.0	0.39900990099009925
0.0	0.3992574257425745
0.0	0.39950495049504975
0.0	0.399752475247525
0.0	0.40000000000000024
0.0	0.4002475247524755
0.0	0.40049504950495074
0.0	0.400742574257426
0.0	0.40099009900990124
0.0	0.4012376237623765
0.0	0.40148514851485173
0.0	0.401732673267327
0.0	0.4019801980198022
0.0	0.4022277227722775
0.0	0.4024752475247527
0.0	0.40272277227722797
0.0	0.4029702970297032
0.0	0.40321782178217846
0.0	0.4034653465346537
0.0	0.40371287128712896
0.0	0.4039603960396042
0.0	0.40420792079207946
0.0	0.4044554455445547
0.0	0.40470297029702995
0.0	0.4049504950495052
0.0	0.40519801980198045
0.0	0.4054455445544557
0.0	0.40569306930693094
0.0	0.4059405940594062
0.0	0.40618811881188144
0.0	0.4064356435643567
0.0	0.40668316831683193
0.0	0.4069306930693072
0.0	0.40717821782178243
0.0	0.4074257425742577
0.0	0.4076732673267329
0.0	0.40792079207920817
0.0	0.4081683168316834
0.0	0.40841584158415867
0.0	0.4086633663366339
0.0	0.40891089108910916
0.0	0.4091584158415844
0.0	0.40940594059405966
0.0	0.4096534653465349
0.0	0.40990099009901015
0.0	0.4101485148514854
0.0	0.41039603960396065
0.0	0.4106435643564359
0.0	0.41089108910891115
0.0	0.4111386138613864
0.0	0.41138613861386164
0.0	0.4116336633663369
0.0	0.41188118811881214
0.0	0.4121287128712874
0.0	0.41237623762376263
0.0	0.4126237623762379
0.0	0.4128712871287131
0.0	0.4131188118811884
0.0	0.4133663366336636
0.0	0.41361386138613887
0.0	0.4138613861386141
0.0	0.41410891089108937
0.0	0.4143564356435646
0.0	0.41460396039603986
0.0	0.4148514851485151
0.0	0.41509900990099036
0.0	0.4153465346534656
0.0	0.41559405940594085
0.0	0.4158415841584161
0.0	0.41608910891089135
0.0	0.4163366336633666
0.0	0.41658415841584184
0.0	0.4168316831683171
0.0	0.41707920792079234
0.0	0.4173267326732676
0.0	0.41757425742574283
0.0	0.4178217821782181
0.0	0.41806930693069333
0.0	0.4183168316831686
0.0	0.4185643564356438
0.0	0.4188118811881191
0.0	0.4190594059405943
0.0	0.41930693069306957
0.0	0.4195544554455448
0.0	0.41980198019802006
0.0	0.4200495049504953
0.0	0.42029702970297056
0.0	0.4205445544554458
0.0	0.42079207920792105
0.0	0.4210396039603963
0.0	0.42128712871287155
0.0	0.4215346534653468
0.0	0.42178217821782205
0.0	0.4220297029702973
0.0	0.42227722772277254
0.0	0.4225247524752478
0.0	0.42277227722772304
0.0	0.4230198019801983
0.0	0.42326732673267353
0.0	0.4235148514851488
0.0	0.423762376237624
0.0	0.4240099009900993
0.0	0.4242574257425745
0.0	0.42450495049504977
0.0	0.424752475247525
0.0	0.42500000000000027
0.0	0.4252475247524755
0.0	0.42549504950495076
0.0	0.425742574257426
0.0	0.42599009900990126
0.0	0.4262376237623765
0.0	0.42648514851485175
0.0	0.426732673267327
0.0	0.42698019801980225
0.0	0.4272277227722775
0.0	0.42747524752475274
0.0	0.427722772277228
0.0	0.42797029702970324
0.0	0.4282178217821785
0.0	0.42846534653465373
0.0	0.428712871287129
0.0	0.42896039603960423
0.0	0.4292079207920795
0.0	0.4294554455445547
0.0	0.42970297029703
0.0	0.4299504950495052
0.0	0.43019801980198047
0.0	0.4304455445544557
0.0	0.43069306930693096
0.0	0.4309405940594062
0.0	0.43118811881188146
0.0	0.4314356435643567
0.0	0.43168316831683196
0.0	0.4319306930693072
0.0	0.43217821782178245
0.0	0.4324257425742577
0.0	0.43267326732673295
0.0	0.4329207920792082
0.0	0.43316831683168344
0.0	0.4334158415841587
0.0	0.43366336633663394
0.0	0.4339108910891092
0.0	0.43415841584158443
0.0	0.4344059405940597
0.0	0.43465346534653493
0.0	0.4349009900990102
0.0	0.4351485148514854
0.0	0.43539603960396067
0.0	0.4356435643564359
0.0	0.43589108910891117
0.0	0.4361386138613864
0.0	0.43638613861386166
0.0	0.4366336633663369
0.0	0.43688118811881216
0.0	0.4371287128712874
0.0	0.43737623762376265
0.0	0.4376237623762379
0.0	0.43787128712871315
0.0	0.4381188118811884
0.0	0.43836633663366364
0.0	0.4386138613861389
0.0	0.43886138613861414
0.0	0.4391089108910894
0.0	0.43935643564356464
0.0	0.4396039603960399
0.0	0.43985148514851513
0.0	0.4400990099009904
0.0	0.4403465346534656
0.0	0.4405940594059409
0.0	0.4408415841584161
0.0	0.44108910891089137
0.0	0.4413366336633666
0.0	0.44158415841584187
0.0	0.4418316831683171
0.0	0.44207920792079236
0.0	0.4423267326732676
0.0	0.44257425742574286
0.0	0.4428217821782181
0.0	0.44306930693069335
0.0	0.4433168316831686
0.0	0.44356435643564385
0.0	0.4438118811881191
0.0	0.44405940594059434
0.0	0.4443069306930696
0.0	0.44455445544554484
0.0	0.4448019801980201
0.0	0.44504950495049533
0.0	0.4452970297029706
0.0	0.44554455445544583
0.0	0.4457920792079211
0.0	0.4460396039603963
0.0	0.4462871287128716
0.0	0.4465346534653468
0.0	0.44678217821782207
0.0	0.4470297029702973
0.0	0.44727722772277256
0.0	0.4475247524752478
0.0	0.44777227722772306
0.0	0.4480198019801983
0.0	0.44826732673267355
0.0	0.4485148514851488
0.0	0.44876237623762405
0.0	0.4490099009900993
0.0	0.44925742574257455
0.0	0.4495049504950498
0.0	0.44975247524752504
0.0	0.4500000000000003
0.0	0.45024752475247554
0.0	0.4504950495049508
0.0	0.45074257425742603
0.0	0.4509900990099013
0.0	0.4512376237623765
0.0	0.4514851485148518
0.0	0.451732673267327
0.0	0.45198019801980227
0.0	0.4522277227722775
0.0	0.45247524752475277
0.0	0.452722772277228
0.0	0.45297029702970326
0.0	0.4532178217821785
0.0	0.45346534653465376
0.0	0.453712871287129
0.0	0.45396039603960425
0.0	0.4542079207920795
0.0	0.45445544554455475
0.0	0.45470297029703
0.0	0.45495049504950524
0.0	0.4551980198019805
0.0	0.45544554455445574
0.0	0.455693069306931
0.0	0.45594059405940623
0.0	0.4561881188118815
0.0	0.45643564356435673
0.0	0.456683168316832
0.0	0.4569306930693072
0.0	0.4571782178217825
0.0	0.4574257425742577
0.0	0.45767326732673297
0.0	0.4579207920792082
0.0	0.45816831683168346
0.0	0.4584158415841587
0.0	0.45866336633663396
0.0	0.4589108910891092
0.0	0.45915841584158446
0.0	0.4594059405940597
0.0	0.45965346534653495
0.0	0.4599009900990102
0.0	0.46014851485148545
0.0	0.4603960396039607
0.0	0.46064356435643594
0.0	0.4608910891089112
0.0	0.46113861386138644
0.0	0.4613861386138617
0.0	0.46163366336633693
0.0	0.4618811881188122
0.0	0.46212871287128743
0.0	0.4623762376237627
0.0	0.4626237623762379
0.0	0.46287128712871317
0.0	0.4631188118811884
0.0	0.46336633663366367
0.0	0.4636138613861389
0.0	0.46386138613861416
0.0	0.4641089108910894
0.0	0.46435643564356466
0.0	0.4646039603960399
0.0	0.46485148514851515
0.0	0.4650990099009904
0.0	0.46534653465346565
0.0	0.4655940594059409
0.0	0.46584158415841614
0.0	0.4660891089108914
0.0	0.46633663366336664
0.0	0.4665841584158419
0.0	0.46683168316831714
0.0	0.4670792079207924
0.0	0.46732673267326763
0.0	0.4675742574257429
0.0	0.4678217821782181
0.0	0.4680693069306934
0.0	0.4683168316831686
0.0	0.46856435643564387
0.0	0.4688118811881191
0.0	0.46905940594059436
0.0	0.4693069306930696
0.0	0.46955445544554486
0.0	0.4698019801980201
0.0	0.47004950495049536
0.0	0.4702970297029706
0.0	0.47054455445544585
0.0	0.4707920792079211
0.0	0.47103960396039635
0.0	0.4712871287128716
0.0	0.47153465346534684
0.0	0.4717821782178221
0.0	0.47202970297029734
0.0	0.4722772277227726
0.0	0.47252475247524783
0.0	0.4727722772277231
0.0	0.47301980198019833
0.0	0.4732673267326736
0.0	0.4735148514851488
0.0	0.47376237623762407
0.0	0.4740099009900993
0.0	0.47425742574257457
0.0	0.4745049504950498
0.0	0.47475247524752506
0.0	0.4750000000000003
0.0	0.47524752475247556
0.0	0.4754950495049508
0.0	0.47574257425742605
0.0	0.4759900990099013
0.0	0.47623762376237655
0.0	0.4764851485148518
0.0	0.47673267326732705
0.0	0.4769801980198023
0.0	0.47722772277227754
0.0	0.4774752475247528
0.0	0.47772277227722804
0.0	0.4779702970297033
0.0	0.47821782178217853
0.0	0.4784653465346538
0.0	0.478712871287129
0.0	0.4789603960396043
0.0	0.4792079207920795
0.0	0.47945544554455477
0.0	0.47970297029703
0.0	0.47995049504950527
0.0	0.4801980198019805
0.0	0.48044554455445576
0.0	0.480693069306931
0.0	0.48094059405940626
0.0	0.4811881188118815
0.0	0.48143564356435675
0.0	0.481683168316832
0.0	0.48193069306930725
0.0	0.4821782178217825
0.0	0.48242574257425774
0.0	0.482673267326733
0.0	0.48292079207920824
0.0	0.4831683168316835
0.0	0.48341584158415873
0.0	0.483663366336634
0.0	0.48391089108910923
0.0	0.4841584158415845
0.0	0.4844059405940597
0.0	0.484653465346535
0.0	0.4849009900990102
0.0	0.48514851485148547
0.0	0.4853960396039607
0.0	0.48564356435643596
0.0	0.4858910891089112
0.0	0.48613861386138646
0.0	0.4863861386138617
0.0	0.48663366336633695
0.0	0.4868811881188122
0.0	0.48712871287128745
0.0	0.4873762376237627
0.0	0.48762376237623795
0.0	0.4878712871287132
0.0	0.48811881188118844
0.0	0.4883663366336637
0.0	0.48861386138613894
0.0	0.4888613861386142
0.0	0.48910891089108943
0.0	0.4893564356435647
0.0	0.48960396039603993
0.0	0.4898514851485152
0.0	0.4900990099009904
0.0	0.49034653465346567
0.0	0.4905940594059409
0.0	0.49084158415841617
0.0	0.4910891089108914
0.0	0.49133663366336666
0.0	0.4915841584158419
0.0	0.49183168316831716
0.0	0.4920792079207924
0.0	0.49232673267326765
0.0	0.4925742574257429
0.0	0.49282178217821815
0.0	0.4930693069306934
0.0	0.49331683168316864
0.0	0.4935643564356439
0.0	0.49381188118811914
0.0	0.4940594059405944
0.0	0.49430693069306963
0.0	0.4945544554455449
0.0	0.49480198019802013
0.0	0.4950495049504954
0.0	0.4952970297029706
0.0	0.4955445544554459
0.0	0.4957920792079211
0.0	0.49603960396039637
0.0	0.4962871287128716
0.0	0.49653465346534686
0.0	0.4967821782178221
0.0	0.49702970297029736
0.0	0.4972772277227726
0.0	0.49752475247524786
0.0	0.4977722772277231
0.0	0.49801980198019835
0.0	0.4982673267326736
0.0	0.49851485148514885
0.0	0.4987623762376241
0.0	0.49900990099009934
0.0	0.4992574257425746
0.0	0.49950495049504984
0.0	0.4997524752475251
0.0	0.5000000000000003
0.0	0.5002475247524756
0.0	0.5004950495049508
0.0	0.5007425742574261
0.0	0.5009900990099013
0.0	0.5012376237623766
0.0	0.5014851485148518
0.0	0.5017326732673271
0.0	0.5019801980198023
0.0	0.5022277227722776
0.0	0.5024752475247528
0.0	0.5027227722772281
0.0	0.5029702970297033
0.0	0.5032178217821786
0.0	0.5034653465346538
0.0	0.503712871287129
0.0	0.5039603960396043
0.0	0.5042079207920795
0.0	0.5044554455445548
0.0	0.50470297029703
0.0	0.5049504950495053
0.0	0.5051980198019805
0.0	0.5054455445544558
0.0	0.505693069306931
0.0	0.5059405940594063
0.0	0.5061881188118815
0.0	0.5064356435643568
0.0	0.506683168316832
0.0	0.5069306930693073
0.0	0.5071782178217825
0.0	0.5074257425742578
0.0	0.507673267326733
0.0	0.5079207920792083
0.0	0.5081683168316835
0.0	0.5084158415841588
0.0	0.508663366336634
0.0	0.5089108910891093
0.0	0.5091584158415845
0.0	0.5094059405940597
0.0	0.509653465346535
0.0	0.5099009900990102
0.0	0.5101485148514855
0.0	0.5103960396039607
0.0	0.510643564356436
0.0	0.5108910891089112
0.0	0.5111386138613865
0.0	0.5113861386138617
0.0	0.511633663366337
0.0	0.5118811881188122
0.0	0.5121287128712875
0.0	0.5123762376237627
0.0	0.512623762376238
0.0	0.5128712871287132
0.0	0.5131188118811885
0.0	0.5133663366336637
0.0	0.513613861386139
0.0	0.5138613861386142
0.0	0.5141089108910895
0.0	0.5143564356435647
0.0	0.51460396039604
0.0	0.5148514851485152
0.0	0.5150990099009904
0.0	0.5153465346534657
0.0	0.5155940594059409
0.0	0.5158415841584162
0.0	0.5160891089108914
0.0	0.5163366336633667
0.0	0.5165841584158419
0.0	0.5168316831683172
0.0	0.5170792079207924
0.0	0.5173267326732677
0.0	0.5175742574257429
0.0	0.5178217821782182
0.0	0.5180693069306934
0.0	0.5183168316831687
0.0	0.5185643564356439
0.0	0.5188118811881192
0.0	0.5190594059405944
0.0	0.5193069306930697
0.0	0.5195544554455449
0.0	0.5198019801980202
0.0	0.5200495049504954
0.0	0.5202970297029706
0.0	0.5205445544554459
0.0	0.5207920792079211
0.0	0.5210396039603964
0.0	0.5212871287128716
0.0	0.5215346534653469
0.0	0.5217821782178221
0.0	0.5220297029702974
0.0	0.5222772277227726
0.0	0.5225247524752479
0.0	0.5227722772277231
0.0	0.5230198019801984
0.0	0.5232673267326736
0.0	0.5235148514851489
0.0	0.5237623762376241
0.0	0.5240099009900994
0.0	0.5242574257425746
0.0	0.5245049504950499
0.0	0.5247524752475251
0.0	0.5250000000000004
0.0	0.5252475247524756
0.0	0.5254950495049509
0.0	0.5257425742574261
0.0	0.5259900990099013
0.0	0.5262376237623766
0.0	0.5264851485148518
0.0	0.5267326732673271
0.0	0.5269801980198023
0.0	0.5272277227722776
0.0	0.5274752475247528
0.0	0.5277227722772281
0.0	0.5279702970297033
0.0	0.5282178217821786
0.0	0.5284653465346538
0.0	0.5287128712871291
0.0	0.5289603960396043
0.0	0.5292079207920796
0.0	0.5294554455445548
0.0	0.5297029702970301
0.0	0.5299504950495053
0.0	0.5301980198019806
0.0	0.5304455445544558
0.0	0.530693069306931
0.0	0.5309405940594063
0.0	0.5311881188118815
0.0	0.5314356435643568
0.0	0.531683168316832
0.0	0.5319306930693073
0.0	0.5321782178217825
0.0	0.5324257425742578
0.0	0.532673267326733
0.0	0.5329207920792083
0.0	0.5331683168316835
0.0	0.5334158415841588
0.0	0.533663366336634
0.0	0.5339108910891093
0.0	0.5341584158415845
0.0	0.5344059405940598
0.0	0.534653465346535
0.0	0.5349009900990103
0.0	0.5351485148514855
0.0	0.5353960396039608
0.0	0.535643564356436
0.0	0.5358910891089113
0.0	0.5361386138613865
0.0	0.5363861386138618
0.0	0.536633663366337
0.0	0.5368811881188122
0.0	0.5371287128712875
0.0	0.5373762376237627
0.0	0.537623762376238
0.0	0.5378712871287132
0.0	0.5381188118811885
0.0	0.5383663366336637
0.0	0.538613861386139
0.0	0.5388613861386142
0.0	0.5391089108910895
0.0	0.5393564356435647
0.0	0.53960396039604
0.0	0.5398514851485152
0.0	0.5400990099009905
0.0	0.5403465346534657
0.0	0.540594059405941
0.0	0.5408415841584162
0.0	0.5410891089108915
0.0	0.5413366336633667
0.0	0.541584158415842
0.0	0.5418316831683172
0.0	0.5420792079207924
0.0	0.5423267326732677
0.0	0.542574257425743
0.0	0.5428217821782182
0.0	0.5430693069306934
0.0	0.5433168316831687
0.0	0.5435643564356439
0.0	0.5438118811881192
0.0	0.5440594059405944
0.0	0.5443069306930697
0.0	0.5445544554455449
0.0	0.5448019801980202
0.0	0.5450495049504954
0.0	0.5452970297029707
0.0	0.5455445544554459
0.0	0.5457920792079212
0.0	0.5460396039603964
0.0	0.5462871287128717
0.0	0.5465346534653469
0.0	0.5467821782178222
0.0	0.5470297029702974
0.0	0.5472772277227727
0.0	0.5475247524752479
0.0	0.5477722772277231
0.0	0.5480198019801984
0.0	0.5482673267326736
0.0	0.5485148514851489
0.0	0.5487623762376241
0.0	0.5490099009900994
0.0	0.5492574257425746
0.0	0.5495049504950499
0.0	0.5497524752475251
0.0	0.5500000000000004
0.0	0.5502475247524756
0.0	0.5504950495049509
0.0	0.5507425742574261
0.0	0.5509900990099014
0.0	0.5512376237623766
0.0	0.5514851485148519
0.0	0.5517326732673271
0.0	0.5519801980198024
0.0	0.5522277227722776
0.0	0.5524752475247529
0.0	0.5527227722772281
0.0	0.5529702970297034
0.0	0.5532178217821786
0.0	0.5534653465346538
0.0	0.5537128712871291
0.0	0.5539603960396043
0.0	0.5542079207920796
0.0	0.5544554455445548
0.0	0.5547029702970301
0.0	0.5549504950495053
0.0	0.5551980198019806
0.0	0.5554455445544558
0.0	0.5556930693069311
0.0	0.5559405940594063
0.0	0.5561881188118816
0.0	0.5564356435643568
0.0	0.5566831683168321
0.0	0.5569306930693073
0.0	0.5571782178217826
0.0	0.5574257425742578
0.0	0.5576732673267331
0.0	0.5579207920792083
0.0	0.5581683168316836
0.0	0.5584158415841588
0.0	0.558663366336634
0.0	0.5589108910891093
0.0	0.5591584158415845
0.0	0.5594059405940598
0.0	0.559653465346535
0.0	0.5599009900990103
0.0	0.5601485148514855
0.0	0.5603960396039608
0.0	0.560643564356436
0.0	0.5608910891089113
0.0	0.5611386138613865
0.0	0.5613861386138618
0.0	0.561633663366337
0.0	0.5618811881188123
0.0	0.5621287128712875
0.0	0.5623762376237628
0.0	0.562623762376238
0.0	0.5628712871287133
0.0	0.5631188118811885
0.0	0.5633663366336638
0.0	0.563613861386139
0.0	0.5638613861386143
0.0	0.5641089108910895
0.0	0.5643564356435647
0.0	0.56460396039604
0.0	0.5648514851485152
0.0	0.5650990099009905
0.0	0.5653465346534657
0.0	0.565594059405941
0.0	0.5658415841584162
0.0	0.5660891089108915
0.0	0.5663366336633667
0.0	0.566584158415842
0.0	0.5668316831683172
0.0	0.5670792079207925
0.0	0.5673267326732677
0.0	0.567574257425743
0.0	0.5678217821782182
0.0	0.5680693069306935
0.0	0.5683168316831687
0.0	0.568564356435644
0.0	0.5688118811881192
0.0	0.5690594059405945
0.0	0.5693069306930697
0.0	0.569554455445545
0.0	0.5698019801980202
0.0	0.5700495049504954
0.0	0.5702970297029707
0.0	0.5705445544554459
0.0	0.5707920792079212
0.0	0.5710396039603964
0.0	0.5712871287128717
0.0	0.5715346534653469
0.0	0.5717821782178222
0.0	0.5720297029702974
0.0	0.5722772277227727
0.0	0.5725247524752479
0.0	0.5727722772277232
0.0	0.5730198019801984
0.0	0.5732673267326737
0.0	0.5735148514851489
0.0	0.5737623762376242
0.0	0.5740099009900994
0.0	0.5742574257425747
0.0	0.5745049504950499
0.0	0.5747524752475252
0.0	0.5750000000000004
0.0	0.5752475247524756
0.0	0.5754950495049509
0.0	0.5757425742574261
0.0	0.5759900990099014
0.0	0.5762376237623766
0.0	0.5764851485148519
0.0	0.5767326732673271
0.0	0.5769801980198024
0.0	0.5772277227722776
0.0	0.5774752475247529
0.0	0.5777227722772281
0.0	0.5779702970297034
0.0	0.5782178217821786
0.0	0.5784653465346539
0.0	0.5787128712871291
0.0	0.5789603960396044
0.0	0.5792079207920796
0.0	0.5794554455445549
0.0	0.5797029702970301
0.0	0.5799504950495054
0.0	0.5801980198019806
0.0	0.5804455445544559
0.0	0.5806930693069311
0.0	0.5809405940594063
0.0	0.5811881188118816
0.0	0.5814356435643568
0.0	0.5816831683168321
0.0	0.5819306930693073
0.0	0.5821782178217826
0.0	0.5824257425742578
0.0	0.5826732673267331
0.0	0.5829207920792083
0.0	0.5831683168316836
0.0	0.5834158415841588
0.0	0.5836633663366341
0.0	0.5839108910891093
0.0	0.5841584158415846
0.0	0.5844059405940598
0.0	0.5846534653465351
0.0	0.5849009900990103
0.0	0.5851485148514856
0.0	0.5853960396039608
0.0	0.585643564356436
0.0	0.5858910891089113
0.0	0.5861386138613865
0.0	0.5863861386138618
0.0	0.586633663366337
0.0	0.5868811881188123
0.0	0.5871287128712875
0.0	0.5873762376237628
0.0	0.587623762376238
0.0	0.5878712871287133
0.0	0.5881188118811885
0.0	0.5883663366336638
0.0	0.588613861386139
0.0	0.5888613861386143
0.0	0.5891089108910895
0.0	0.5893564356435648
0.0	0.58960396039604
0.0	0.5898514851485153
0.0	0.5900990099009905
0.0	0.5903465346534658
0.0	0.590594059405941
0.0	0.5908415841584163
0.0	0.5910891089108915
0.0	0.5913366336633668
0.0	0.591584158415842
0.0	0.5918316831683172
0.0	0.5920792079207925
0.0	0.5923267326732677
0.0	0.592574257425743
0.0	0.5928217821782182
0.0	0.5930693069306935
0.0	0.5933168316831687
0.0	0.593564356435644
0.0	0.5938118811881192
0.0	0.5940594059405945
0.0	0.5943069306930697
0.0	0.594554455445545
0.0	0.5948019801980202
0.0	0.5950495049504955
0.0	0.5952970297029707
0.0	0.595544554455446
0.0	0.5957920792079212
0.0	0.5960396039603965
0.0	0.5962871287128717
0.0	0.596534653465347
0.0	0.5967821782178222
0.0	0.5970297029702974
0.0	0.5972772277227727
0.0	0.5975247524752479
0.0	0.5977722772277232
0.0	0.5980198019801984
0.0	0.5982673267326737
0.0	0.5985148514851489
0.0	0.5987623762376242
0.0	0.5990099009900994
0.0	0.5992574257425747
0.0	0.5995049504950499
0.0	0.5997524752475252
0.0	0.6000000000000004
0.0	0.6002475247524757
0.0	0.6004950495049509
0.0	0.6007425742574262
0.0	0.6009900990099014
0.0	0.6012376237623767
0.0	0.6014851485148519
0.0	0.6017326732673272
0.0	0.6019801980198024
0.0	0.6022277227722777
0.0	0.6024752475247529
0.0	0.6027227722772281
0.0	0.6029702970297034
0.0	0.6032178217821786
0.0	0.6034653465346539
0.0	0.6037128712871291
0.0	0.6039603960396044
0.0	0.6042079207920796
0.0	0.6044554455445549
0.0	0.6047029702970301
0.0	0.6049504950495054
0.0	0.6051980198019806
0.0	0.6054455445544559
0.0	0.6056930693069311
0.0	0.6059405940594064
0.0	0.6061881188118816
0.0	0.6064356435643569
0.0	0.6066831683168321
0.0	0.6069306930693074
0.0	0.6071782178217826
0.0	0.6074257425742579
0.0	0.6076732673267331
0.0	0.6079207920792083
0.0	0.6081683168316836
0.0	0.6084158415841588
0.0	0.6086633663366341
0.0	0.6089108910891093
0.0	0.6091584158415846
0.0	0.6094059405940598
0.0	0.6096534653465351
0.0	0.6099009900990103
0.0	0.6101485148514856
0.0	0.6103960396039608
0.0	0.6106435643564361
0.0	0.6108910891089113
0.0	0.6111386138613866
0.0	0.6113861386138618
0.0	0.6116336633663371
0.0	0.6118811881188123
0.0	0.6121287128712876
0.0	0.6123762376237628
0.0	0.6126237623762381
0.0	0.6128712871287133
0.0	0.6131188118811886
0.0	0.6133663366336638
0.0	0.613613861386139
0.0	0.6138613861386143
0.0	0.6141089108910895
0.0	0.6143564356435648
0.0	0.61460396039604
0.0	0.6148514851485153
0.0	0.6150990099009905
0.0	0.6153465346534658
0.0	0.615594059405941
0.0	0.6158415841584163
0.0	0.6160891089108915
0.0	0.6163366336633668
0.0	0.616584158415842
0.0	0.6168316831683173
0.0	0.6170792079207925
0.0	0.6173267326732678
0.0	0.617574257425743
0.0	0.6178217821782183
0.0	0.6180693069306935
0.0	0.6183168316831688
0.0	0.618564356435644
0.0	0.6188118811881193
0.0	0.6190594059405945
0.0	0.6193069306930697
0.0	0.619554455445545
0.0	0.6198019801980202
0.0	0.6200495049504955
0.0	0.6202970297029707
0.0	0.620544554455446
0.0	0.6207920792079212
0.0	0.6210396039603965
0.0	0.6212871287128717
0.0	0.621534653465347
0.0	0.6217821782178222
0.0	0.6220297029702975
0.0	0.6222772277227727
0.0	0.622524752475248
0.0	0.6227722772277232
0.0	0.6230198019801985
0.0	0.6232673267326737
0.0	0.623514851485149
0.0	0.6237623762376242
0.0	0.6240099009900995
0.0	0.6242574257425747
0.0	0.62450495049505
0.0	0.6247524752475252
0.0	0.6250000000000004
0.0	0.6252475247524757
0.0	0.6254950495049509
0.0	0.6257425742574262
0.0	0.6259900990099014
0.0	0.6262376237623767
0.0	0.6264851485148519
0.0	0.6267326732673272
0.0	0.6269801980198024
0.0	0.6272277227722777
0.0	0.6274752475247529
0.0	0.6277227722772282
0.0	0.6279702970297034
0.0	0.6282178217821787
0.0	0.6284653465346539
0.0	0.6287128712871292
0.0	0.6289603960396044
0.0	0.6292079207920797
0.0	0.6294554455445549
0.0	0.6297029702970302
0.0	0.6299504950495054
0.0	0.6301980198019806
0.0	0.6304455445544559
0.0	0.6306930693069311
0.0	0.6309405940594064
0.0	0.6311881188118816
0.0	0.6314356435643569
0.0	0.6316831683168321
0.0	0.6319306930693074
0.0	0.6321782178217826
0.0	0.6324257425742579
0.0	0.6326732673267331
0.0	0.6329207920792084
0.0	0.6331683168316836
0.0	0.6334158415841589
0.0	0.6336633663366341
0.0	0.6339108910891094
0.0	0.6341584158415846
0.0	0.6344059405940599
0.0	0.6346534653465351
0.0	0.6349009900990104
0.0	0.6351485148514856
0.0	0.6353960396039608
0.0	0.6356435643564361
0.0	0.6358910891089113
0.0	0.6361386138613866
0.0	0.6363861386138618
0.0	0.6366336633663371
0.0	0.6368811881188123
0.0	0.6371287128712876
0.0	0.6373762376237628
0.0	0.6376237623762381
0.0	0.6378712871287133
0.0	0.6381188118811886
0.0	0.6383663366336638
0.0	0.6386138613861391
0.0	0.6388613861386143
0.0	0.6391089108910896
0.0	0.6393564356435648
0.0	0.6396039603960401
0.0	0.6398514851485153
0.0	0.6400990099009906
0.0	0.6403465346534658
0.0	0.640594059405941
0.0	0.6408415841584163
0.0	0.6410891089108915
0.0	0.6413366336633668
0.0	0.641584158415842
0.0	0.6418316831683173
0.0	0.6420792079207925
0.0	0.6423267326732678
0.0	0.642574257425743
0.0	0.6428217821782183
0.0	0.6430693069306935
0.0	0.6433168316831688
0.0	0.643564356435644
0.0	0.6438118811881193
0.0	0.6440594059405945
0.0	0.6443069306930698
0.0	0.644554455445545
0.0	0.6448019801980203
0.0	0.6450495049504955
0.0	0.6452970297029708
0.0	0.645544554455446
0.0	0.6457920792079213
0.0	0.6460396039603965
0.0	0.6462871287128718
0.0	0.646534653465347
0.0	0.6467821782178222
0.0	0.6470297029702975
0.0	0.6472772277227727
0.0	0.647524752475248
0.0	0.6477722772277232
0.0	0.6480198019801985
0.0	0.6482673267326737
0.0	0.648514851485149
0.0	0.6487623762376242
0.0	0.6490099009900995
0.0	0.6492574257425747
0.0	0.64950495049505
0.0	0.6497524752475252
0.0	0.6500000000000005
0.0	0.6502475247524757
0.0	0.650495049504951
0.0	0.6507425742574262
0.0	0.6509900990099015
0.0	0.6512376237623767
0.0	0.651485148514852
0.0	0.6517326732673272
0.0	0.6519801980198024
0.0	0.6522277227722777
0.0	0.6524752475247529
0.0	0.6527227722772282
0.0	0.6529702970297034
0.0	0.6532178217821787
0.0	0.6534653465346539
0.0	0.6537128712871292
0.0	0.6539603960396044
0.0	0.6542079207920797
0.0	0.6544554455445549
0.0	0.6547029702970302
0.0	0.6549504950495054
0.0	0.6551980198019807
0.0	0.6554455445544559
0.0	0.6556930693069312
0.0	0.6559405940594064
0.0	0.6561881188118817
0.0	0.6564356435643569
0.0	0.6566831683168322
0.0	0.6569306930693074
0.0	0.6571782178217827
0.0	0.6574257425742579
0.0	0.6576732673267331
0.0	0.6579207920792084
0.0	0.6581683168316836
0.0	0.6584158415841589
0.0	0.6586633663366341
0.0	0.6589108910891094
0.0	0.6591584158415846
0.0	0.6594059405940599
0.0	0.6596534653465351
0.0	0.6599009900990104
0.0	0.6601485148514856
0.0	0.6603960396039609
0.0	0.6606435643564361
0.0	0.6608910891089114
0.0	0.6611386138613866
0.0	0.6613861386138619
0.0	0.6616336633663371
0.0	0.6618811881188124
0.0	0.6621287128712876
0.0	0.6623762376237629
0.0	0.6626237623762381
0.0	0.6628712871287133
0.0	0.6631188118811886
0.0	0.6633663366336638
0.0	0.6636138613861391
0.0	0.6638613861386143
0.0	0.6641089108910896
0.0	0.6643564356435648
0.0	0.6646039603960401
0.0	0.6648514851485153
0.0	0.6650990099009906
0.0	0.6653465346534658
0.0	0.6655940594059411
0.0	0.6658415841584163
0.0	0.6660891089108916
0.0	0.6663366336633668
0.0	0.6665841584158421
0.0	0.6668316831683173
0.0	0.6670792079207926
0.0	0.6673267326732678
0.0	0.6675742574257431
0.0	0.6678217821782183
0.0	0.6680693069306936
0.0	0.6683168316831688
0.0	0.668564356435644
0.0	0.6688118811881193
0.0	0.6690594059405945
0.0	0.6693069306930698
0.0	0.669554455445545
0.0	0.6698019801980203
0.0	0.6700495049504955
0.0	0.6702970297029708
0.0	0.670544554455446
0.0	0.6707920792079213
0.0	0.6710396039603965
0.0	0.6712871287128718
0.0	0.671534653465347
0.0	0.6717821782178223
0.0	0.6720297029702975
0.0	0.6722772277227728
0.0	0.672524752475248
0.0	0.6727722772277233
0.0	0.6730198019801985
0.0	0.6732673267326738
0.0	0.673514851485149
0.0	0.6737623762376242
0.0	0.6740099009900995
0.0	0.6742574257425747
0.0	0.67450495049505
0.0	0.6747524752475252
0.0	0.6750000000000005
0.0	0.6752475247524757
0.0	0.675495049504951
0.0	0.6757425742574262
0.0	0.6759900990099015
0.0	0.6762376237623767
0.0	0.676485148514852
0.0	0.6767326732673272
0.0	0.6769801980198025
0.0	0.6772277227722777
0.0	0.677475247524753
0.0	0.6777227722772282
0.0	0.6779702970297035
0.0	0.6782178217821787
0.0	0.678465346534654
0.0	0.6787128712871292
0.0	0.6789603960396045
0.0	0.6792079207920797
0.0	0.679455445544555
0.0	0.6797029702970302
0.0	0.6799504950495054
0.0	0.6801980198019807
0.0	0.6804455445544559
0.0	0.6806930693069312
0.0	0.6809405940594064
0.0	0.6811881188118817
0.0	0.6814356435643569
0.0	0.6816831683168322
0.0	0.6819306930693074
0.0	0.6821782178217827
0.0	0.6824257425742579
0.0	0.6826732673267332
0.0	0.6829207920792084
0.0	0.6831683168316837
0.0	0.6834158415841589
0.0	0.6836633663366342
0.0	0.6839108910891094
0.0	0.6841584158415847
0.0	0.6844059405940599
0.0	0.6846534653465352
0.0	0.6849009900990104
0.0	0.6851485148514856
0.0	0.6853960396039609
0.0	0.6856435643564361
0.0	0.6858910891089114
0.0	0.6861386138613866
0.0	0.6863861386138619
0.0	0.6866336633663371
0.0	0.6868811881188124
0.0	0.6871287128712876
0.0	0.6873762376237629
0.0	0.6876237623762381
0.0	0.6878712871287134
0.0	0.6881188118811886
0.0	0.6883663366336639
0.0	0.6886138613861391
0.0	0.6888613861386144
0.0	0.6891089108910896
0.0	0.6893564356435649
0.0	0.6896039603960401
0.0	0.6898514851485154
0.0	0.6900990099009906
0.0	0.6903465346534658
0.0	0.6905940594059411
0.0	0.6908415841584163
0.0	0.6910891089108916
0.0	0.6913366336633668
0.0	0.6915841584158421
0.0	0.6918316831683173
0.0	0.6920792079207926
0.0	0.6923267326732678
0.0	0.6925742574257431
0.0	0.6928217821782183
0.0	0.6930693069306936
0.0	0.6933168316831688
0.0	0.6935643564356441
0.0	0.6938118811881193
0.0	0.6940594059405946
0.0	0.6943069306930698
0.0	0.6945544554455451
0.0	0.6948019801980203
0.0	0.6950495049504956
0.0	0.6952970297029708
0.0	0.695544554455446
0.0	0.6957920792079213
0.0	0.6960396039603965
0.0	0.6962871287128718
0.0	0.696534653465347
0.0	0.6967821782178223
0.0	0.6970297029702975
0.0	0.6972772277227728
0.0	0.697524752475248
0.0	0.6977722772277233
0.0	0.6980198019801985
0.0	0.6982673267326738
0.0	0.698514851485149
0.0	0.6987623762376243
0.0	0.6990099009900995
0.0	0.6992574257425748
0.0	0.69950495049505
0.0	0.6997524752475253
0.0	0.7000000000000005
0.0	0.7002475247524758
0.0	0.700495049504951
0.0	0.7007425742574263
0.0	0.7009900990099015
0.0	0.7012376237623767
0.0	0.701485148514852
0.0	0.7017326732673272
0.0	0.7019801980198025
0.0	0.7022277227722777
0.0	0.702475247524753
0.0	0.7027227722772282
0.0	0.7029702970297035
0.0	0.7032178217821787
0.0	0.703465346534654
0.0	0.7037128712871292
0.0	0.7039603960396045
0.0	0.7042079207920797
0.0	0.704455445544555
0.0	0.7047029702970302
0.0	0.7049504950495055
0.0	0.7051980198019807
0.0	0.705445544554456
0.0	0.7056930693069312
0.0	0.7059405940594065
0.0	0.7061881188118817
0.0	0.706435643564357
0.0	0.7066831683168322
0.0	0.7069306930693074
0.0	0.7071782178217827
0.0	0.7074257425742579
0.0	0.7076732673267332
0.0	0.7079207920792084
0.0	0.7081683168316837
0.0	0.7084158415841589
0.0	0.7086633663366342
0.0	0.7089108910891094
0.0	0.7091584158415847
0.0	0.7094059405940599
0.0	0.7096534653465352
0.0	0.7099009900990104
0.0	0.7101485148514857
0.0	0.7103960396039609
0.0	0.7106435643564362
0.0	0.7108910891089114
0.0	0.7111386138613867
0.0	0.7113861386138619
0.0	0.7116336633663372
0.0	0.7118811881188124
0.0	0.7121287128712877
0.0	0.7123762376237629
0.0	0.7126237623762381
0.0	0.7128712871287134
0.0	0.7131188118811886
0.0	0.7133663366336639
0.0	0.7136138613861391
0.0	0.7138613861386144
0.0	0.7141089108910896
0.0	0.7143564356435649
0.0	0.7146039603960401
0.0	0.7148514851485154
0.0	0.7150990099009906
0.0	0.7153465346534659
0.0	0.7155940594059411
0.0	0.7158415841584164
0.0	0.7160891089108916
0.0	0.7163366336633669
0.0	0.7165841584158421
0.0	0.7168316831683174
0.0	0.7170792079207926
0.0	0.7173267326732679
0.0	0.7175742574257431
0.0	0.7178217821782183
0.0	0.7180693069306936
0.0	0.7183168316831688
0.0	0.7185643564356441
0.0	0.7188118811881193
0.0	0.7190594059405946
0.0	0.7193069306930698
0.0	0.7195544554455451
0.0	0.7198019801980203
0.0	0.7200495049504956
0.0	0.7202970297029708
0.0	0.7205445544554461
0.0	0.7207920792079213
0.0	0.7210396039603966
0.0	0.7212871287128718
0.0	0.7215346534653471
0.0	0.7217821782178223
0.0	0.7220297029702976
0.0	0.7222772277227728
0.0	0.722524752475248
0.0	0.7227722772277233
0.0	0.7230198019801986
0.0	0.7232673267326738
0.0	0.723514851485149
0.0	0.7237623762376243
0.0	0.7240099009900995
0.0	0.7242574257425748
0.0	0.72450495049505
0.0	0.7247524752475253
0.0	0.7250000000000005
0.0	0.7252475247524758
0.0	0.725495049504951
0.0	0.7257425742574263
0.0	0.7259900990099015
0.0	0.7262376237623768
0.0	0.726485148514852
0.0	0.7267326732673273
0.0	0.7269801980198025
0.0	0.7272277227722778
0.0	0.727475247524753
0.0	0.7277227722772283
0.0	0.7279702970297035
0.0	0.7282178217821788
0.0	0.728465346534654
0.0	0.7287128712871292
0.0	0.7289603960396045
0.0	0.7292079207920797
0.0	0.729455445544555
0.0	0.7297029702970302
0.0	0.7299504950495055
0.0	0.7301980198019807
0.0	0.730445544554456
0.0	0.7306930693069312
0.0	0.7309405940594065
0.0	0.7311881188118817
0.0	0.731435643564357
0.0	0.7316831683168322
0.0	0.7319306930693075
0.0	0.7321782178217827
0.0	0.732425742574258
0.0	0.7326732673267332
0.0	0.7329207920792085
0.0	0.7331683168316837
0.0	0.733415841584159
0.0	0.7336633663366342
0.0	0.7339108910891095
0.0	0.7341584158415847
0.0	0.73440594059406
0.0	0.7346534653465352
0.0	0.7349009900990104
0.0	0.7351485148514857
0.0	0.7353960396039609
0.0	0.7356435643564362
0.0	0.7358910891089114
0.0	0.7361386138613867
0.0	0.7363861386138619
0.0	0.7366336633663372
0.0	0.7368811881188124
0.0	0.7371287128712877
0.0	0.7373762376237629
0.0	0.7376237623762382
0.0	0.7378712871287134
0.0	0.7381188118811887
0.0	0.7383663366336639
0.0	0.7386138613861392
0.0	0.7388613861386144
0.0	0.7391089108910897
0.0	0.7393564356435649
0.0	0.7396039603960401
0.0	0.7398514851485154
0.0	0.7400990099009906
0.0	0.7403465346534659
0.0	0.7405940594059411
0.0	0.7408415841584164
0.0	0.7410891089108916
0.0	0.7413366336633669
0.0	0.7415841584158421
0.0	0.7418316831683174
0.0	0.7420792079207926
0.0	0.7423267326732679
0.0	0.7425742574257431
0.0	0.7428217821782184
0.0	0.7430693069306936
0.0	0.7433168316831689
0.0	0.7435643564356441
0.0	0.7438118811881194
0.0	0.7440594059405946
0.0	0.7443069306930699
0.0	0.7445544554455451
0.0	0.7448019801980204
0.0	0.7450495049504956
0.0	0.7452970297029708
0.0	0.7455445544554461
0.5655850959128363	0.7457920792079213
0.683805338638671	0.7460396039603966
0.9724766664123079	0.7462871287128718
1.0	0.7465346534653471
1.0	0.7467821782178223
1.0	0.7470297029702976
1.0	0.7472772277227728
1.0	0.7475247524752481
1.0	0.7477722772277233
1.0	0.7480198019801986
1.0	0.7482673267326738
1.0	0.7485148514851491
1.0	0.7487623762376243
1.0	0.7490099009900996
1.0	0.7492574257425748
1.0	0.7495049504950501
1.0	0.7497524752475253
1.0	0.7500000000000006
1.0	0.7502475247524757
1.0	0.7504950495049509
1.0	0.7507425742574262
1.0	0.7509900990099014
1.0	0.7512376237623767
1.0	0.7514851485148519
1.0	0.7517326732673272
1.0	0.7519801980198024
1.0	0.7522277227722777
1.0	0.7524752475247529
1.0	0.7527227722772282
1.0	0.7529702970297034
1.0	0.7532178217821787
1.0	0.7534653465346539
1.0	0.7537128712871292
1.0	0.7539603960396044
1.0	0.7542079207920797
1.0	0.7544554455445549
1.0	0.7547029702970302
1.0	0.7549504950495054
1.0	0.7551980198019806
1.0	0.7554455445544559
1.0	0.7556930693069311
1.0	0.7559405940594064
1.0	0.7561881188118816
1.0	0.7564356435643569
1.0	0.7566831683168321
1.0	0.7569306930693074
1.0	0.7571782178217826
1.0	0.7574257425742579
1.0	0.7576732673267331
1.0	0.7579207920792084
1.0	0.7581683168316836
1.0	0.7584158415841589
1.0	0.7586633663366341
1.0	0.7589108910891094
1.0	0.7591584158415846
1.0	0.7594059405940599
1.0	0.7596534653465351
1.0	0.7599009900990104
1.0	0.7601485148514856
1.0	0.7603960396039608
1.0	0.7606435643564361
1.0	0.7608910891089113
1.0	0.7611386138613866
1.0	0.7613861386138618
1.0	0.7616336633663371
1.0	0.7618811881188123
1.0	0.7621287128712876
1.0	0.7623762376237628
1.0	0.7626237623762381
1.0	0.7628712871287133
1.0	0.7631188118811886
1.0	0.7633663366336638
1.0	0.7636138613861391
1.0	0.7638613861386143
1.0	0.7641089108910896
1.0	0.7643564356435648
1.0	0.7646039603960401
1.0	0.7648514851485153
1.0	0.7650990099009906
1.0	0.7653465346534658
1.0	0.765594059405941
1.0	0.7658415841584163
1.0	0.7660891089108915
1.0	0.7663366336633668
1.0	0.766584158415842
1.0	0.7668316831683173
1.0	0.7670792079207925
1.0	0.7673267326732678
1.0	0.767574257425743
1.0	0.7678217821782183
1.0	0.7680693069306935
1.0	0.7683168316831688
1.0	0.768564356435644
1.0	0.7688118811881193
1.0	0.7690594059405945
1.0	0.7693069306930698
1.0	0.769554455445545
1.0	0.7698019801980203
1.0	0.7700495049504955
1.0	0.7702970297029708
1.0	0.770544554455446
1.0	0.7707920792079213
1.0	0.7710396039603965
1.0	0.7712871287128718
1.0	0.771534653465347
1.0	0.7717821782178222
1.0	0.7720297029702975
1.0	0.7722772277227727
1.0	0.772524752475248
1.0	0.7727722772277232
1.0	0.7730198019801985
1.0	0.7732673267326737
1.0	0.773514851485149
1.0	0.7737623762376242
1.0	0.7740099009900995
1.0	0.7742574257425747
1.0	0.77450495049505
1.0	0.7747524752475252
1.0	0.7750000000000005
1.0	0.7752475247524757
1.0	0.775495049504951
1.0	0.7757425742574262
1.0	0.7759900990099015
1.0	0.7762376237623767
1.0	0.776485148514852
1.0	0.7767326732673272
1.0	0.7769801980198024
1.0	0.7772277227722777
1.0	0.7774752475247529
1.0	0.7777227722772282
1.0	0.7779702970297034
1.0	0.7782178217821787
1.0	0.7784653465346539
1.0	0.7787128712871292
1.0	0.7789603960396044
1.0	0.7792079207920797
1.0	0.7794554455445549
1.0	0.7797029702970302
1.0	0.7799504950495054
1.0	0.7801980198019807
1.0	0.7804455445544559
1.0	0.7806930693069312
1.0	0.7809405940594064
1.0	0.7811881188118817
1.0	0.7814356435643569
1.0	0.7816831683168322
1.0	0.7819306930693074
1.0	0.7821782178217827
1.0	0.7824257425742579
1.0	0.7826732673267331
1.0	0.7829207920792084
1.0	0.7831683168316836
1.0	0.7834158415841589
1.0	0.7836633663366341
1.0	0.7839108910891094
1.0	0.7841584158415846
1.0	0.7844059405940599
1.0	0.7846534653465351
1.0	0.7849009900990104
1.0	0.7851485148514856
1.0	0.7853960396039609
1.0	0.7856435643564361
1.0	0.7858910891089114
1.0	0.7861386138613866
1.0	0.7863861386138619
1.0	0.7866336633663371
1.0	0.7868811881188124
1.0	0.7871287128712876
1.0	0.7873762376237629
1.0	0.7876237623762381
1.0	0.7878712871287133
1.0	0.7881188118811886
1.0	0.7883663366336638
1.0	0.7886138613861391
1.0	0.7888613861386143
1.0	0.7891089108910896
1.0	0.7893564356435648
1.0	0.7896039603960401
1.0	0.7898514851485153
1.0	0.7900990099009906
1.0	0.7903465346534658
1.0	0.7905940594059411
1.0	0.7908415841584163
1.0	0.7910891089108916
1.0	0.7913366336633668
1.0	0.7915841584158421
1.0	0.7918316831683173
1.0	0.7920792079207926
1.0	0.7923267326732678
1.0	0.7925742574257431
1.0	0.7928217821782183
1.0	0.7930693069306936
1.0	0.7933168316831688
1.0	0.793564356435644
1.0	0.7938118811881193
1.0	0.7940594059405945
1.0	0.7943069306930698
1.0	0.794554455445545
1.0	0.7948019801980203
1.0	0.7950495049504955
1.0	0.7952970297029708
1.0	0.795544554455446
1.0	0.7957920792079213
1.0	0.7960396039603965
1.0	0.7962871287128718
1.0	0.796534653465347
1.0	0.7967821782178223
1.0	0.7970297029702975
1.0	0.7972772277227728
1.0	0.797524752475248
1.0	0.7977722772277233
1.0	0.7980198019801985
1.0	0.7982673267326738
1.0	0.798514851485149
1.0	0.7987623762376242
1.0	0.7990099009900995
1.0	0.7992574257425747
1.0	0.79950495049505
1.0	0.7997524752475252
1.0	0.8000000000000005
1.0	0.8002475247524757
1.0	0.800495049504951
1.0	0.8007425742574262
1.0	0.8009900990099015
1.0	0.8012376237623767
1.0	0.801485148514852
1.0	0.8017326732673272
1.0	0.8019801980198025
1.0	0.8022277227722777
1.0	0.802475247524753
1.0	0.8027227722772282
1.0	0.8029702970297035
1.0	0.8032178217821787
1.0	0.803465346534654
1.0	0.8037128712871292
1.0	0.8039603960396045
1.0	0.8042079207920797
1.0	0.804455445544555
1.0	0.8047029702970302
1.0	0.8049504950495054
1.0	0.8051980198019807
1.0	0.8054455445544559
1.0	0.8056930693069312
1.0	0.8059405940594064
1.0	0.8061881188118817
1.0	0.8064356435643569
1.0	0.8066831683168322
1.0	0.8069306930693074
1.0	0.8071782178217827
1.0	0.8074257425742579
1.0	0.8076732673267332
1.0	0.8079207920792084
1.0	0.8081683168316837
1.0	0.8084158415841589
1.0	0.8086633663366342
1.0	0.8089108910891094
1.0	0.8091584158415847
1.0	0.8094059405940599
1.0	0.8096534653465352
1.0	0.8099009900990104
1.0	0.8101485148514856
1.0	0.8103960396039609
1.0	0.8106435643564361
1.0	0.8108910891089114
1.0	0.8111386138613866
1.0	0.8113861386138619
1.0	0.8116336633663371
1.0	0.8118811881188124
1.0	0.8121287128712876
1.0	0.8123762376237629
1.0	0.8126237623762381
1.0	0.8128712871287134
1.0	0.8131188118811886
1.0	0.8133663366336639
1.0	0.8136138613861391
1.0	0.8138613861386144
1.0	0.8141089108910896
1.0	0.8143564356435649
1.0	0.8146039603960401
1.0	0.8148514851485154
1.0	0.8150990099009906
1.0	0.8153465346534658
1.0	0.8155940594059411
1.0	0.8158415841584163
1.0	0.8160891089108916
1.0	0.8163366336633668
1.0	0.8165841584158421
1.0	0.8168316831683173
1.0	0.8170792079207926
1.0	0.8173267326732678
1.0	0.8175742574257431
1.0	0.8178217821782183
1.0	0.8180693069306936
1.0	0.8183168316831688
1.0	0.8185643564356441
1.0	0.8188118811881193
1.0	0.8190594059405946
1.0	0.8193069306930698
1.0	0.8195544554455451
1.0	0.8198019801980203
1.0	0.8200495049504956
1.0	0.8202970297029708
1.0	0.820544554455446
1.0	0.8207920792079213
1.0	0.8210396039603965
1.0	0.8212871287128718
1.0	0.821534653465347
1.0	0.8217821782178223
1.0	0.8220297029702975
1.0	0.8222772277227728
1.0	0.822524752475248
1.0	0.8227722772277233
1.0	0.8230198019801985
1.0	0.8232673267326738
1.0	0.823514851485149
1.0	0.8237623762376243
1.0	0.8240099009900995
1.0	0.8242574257425748
1.0	0.82450495049505
1.0	0.8247524752475253
1.0	0.8250000000000005
1.0	0.8252475247524758
1.0	0.825495049504951
1.0	0.8257425742574263
1.0	0.8259900990099015
1.0	0.8262376237623767
1.0	0.826485148514852
1.0	0.8267326732673272
1.0	0.8269801980198025
1.0	0.8272277227722777
1.0	0.827475247524753
1.0	0.8277227722772282
1.0	0.8279702970297035
1.0	0.8282178217821787
1.0	0.828465346534654
1.0	0.8287128712871292
1.0	0.8289603960396045
1.0	0.8292079207920797
1.0	0.829455445544555
1.0	0.8297029702970302
1.0	0.8299504950495055
1.0	0.8301980198019807
1.0	0.830445544554456
1.0	0.8306930693069312
1.0	0.8309405940594065
1.0	0.8311881188118817
1.0	0.831435643564357
1.0	0.8316831683168322
1.0	0.8319306930693074
1.0	0.8321782178217827
1.0	0.8324257425742579
1.0	0.8326732673267332
1.0	0.8329207920792084
1.0	0.8331683168316837
1.0	0.8334158415841589
1.0	0.8336633663366342
1.0	0.8339108910891094
1.0	0.8341584158415847
1.0	0.8344059405940599
1.0	0.8346534653465352
1.0	0.8349009900990104
1.0	0.8351485148514857
1.0	0.8353960396039609
1.0	0.8356435643564362
1.0	0.8358910891089114
1.0	0.8361386138613867
1.0	0.8363861386138619
1.0	0.8366336633663372
1.0	0.8368811881188124
1.0	0.8371287128712877
1.0	0.8373762376237629
1.0	0.8376237623762381
1.0	0.8378712871287134
1.0	0.8381188118811886
1.0	0.8383663366336639
1.0	0.8386138613861391
1.0	0.8388613861386144
1.0	0.8391089108910896
1.0	0.8393564356435649
1.0	0.8396039603960401
1.0	0.8398514851485154
1.0	0.8400990099009906
1.0	0.8403465346534659
1.0	0.8405940594059411
1.0	0.8408415841584164
1.0	0.8410891089108916
1.0	0.8413366336633669
1.0	0.8415841584158421
1.0	0.8418316831683174
1.0	0.8420792079207926
1.0	0.8423267326732679
1.0	0.8425742574257431
1.0	0.8428217821782183
1.0	0.8430693069306936
1.0	0.8433168316831688
1.0	0.8435643564356441
1.0	0.8438118811881193
1.0	0.8440594059405946
1.0	0.8443069306930698
1.0	0.8445544554455451
1.0	0.8448019801980203
1.0	0.8450495049504956
1.0	0.8452970297029708
1.0	0.8455445544554461
1.0	0.8457920792079213
1.0	0.8460396039603966
1.0	0.8462871287128718
1.0	0.8465346534653471
1.0	0.8467821782178223
1.0	0.8470297029702976
1.0	0.8472772277227728
1.0	0.847524752475248
1.0	0.8477722772277233
1.0	0.8480198019801986
1.0	0.8482673267326738
1.0	0.848514851485149
1.0	0.8487623762376243
1.0	0.8490099009900995
1.0	0.8492574257425748
1.0	0.84950495049505
1.0	0.8497524752475253
1.0	0.8500000000000005
1.0	0.8502475247524758
1.0	0.850495049504951
1.0	0.8507425742574263
1.0	0.8509900990099015
1.0	0.8512376237623768
1.0	0.851485148514852
1.0	0.8517326732673273
1.0	0.8519801980198025
1.0	0.8522277227722778
1.0	0.852475247524753
1.0	0.8527227722772283
1.0	0.8529702970297035
1.0	0.8532178217821788
1.0	0.853465346534654
1.0	0.8537128712871292
1.0	0.8539603960396045
1.0	0.8542079207920797
1.0	0.854455445544555
1.0	0.8547029702970302
1.0	0.8549504950495055
1.0	0.8551980198019807
1.0	0.855445544554456
1.0	0.8556930693069312
1.0	0.8559405940594065
1.0	0.8561881188118817
1.0	0.856435643564357
1.0	0.8566831683168322
1.0	0.8569306930693075
1.0	0.8571782178217827
1.0	0.857425742574258
1.0	0.8576732673267332
1.0	0.8579207920792085
1.0	0.8581683168316837
1.0	0.858415841584159
1.0	0.8586633663366342
1.0	0.8589108910891095
1.0	0.8591584158415847
1.0	0.85940594059406
1.0	0.8596534653465352
1.0	0.8599009900990104
1.0	0.8601485148514857
1.0	0.8603960396039609
1.0	0.8606435643564362
1.0	0.8608910891089114
1.0	0.8611386138613867
1.0	0.8613861386138619
1.0	0.8616336633663372
1.0	0.8618811881188124
1.0	0.8621287128712877
1.0	0.8623762376237629
1.0	0.8626237623762382
1.0	0.8628712871287134
1.0	0.8631188118811887
1.0	0.8633663366336639
1.0	0.8636138613861392
1.0	0.8638613861386144
1.0	0.8641089108910897
1.0	0.8643564356435649
1.0	0.8646039603960401
1.0	0.8648514851485154
1.0	0.8650990099009906
1.0	0.8653465346534659
1.0	0.8655940594059411
1.0	0.8658415841584164
1.0	0.8660891089108916
1.0	0.8663366336633669
1.0	0.8665841584158421
1.0	0.8668316831683174
1.0	0.8670792079207926
1.0	0.8673267326732679
1.0	0.8675742574257431
1.0	0.8678217821782184
1.0	0.8680693069306936
1.0	0.8683168316831689
1.0	0.8685643564356441
1.0	0.8688118811881194
1.0	0.8690594059405946
1.0	0.8693069306930699
1.0	0.8695544554455451
1.0	0.8698019801980204
1.0	0.8700495049504956
1.0	0.8702970297029708
1.0	0.8705445544554461
1.0	0.8707920792079213
1.0	0.8710396039603966
1.0	0.8712871287128718
1.0	0.8715346534653471
1.0	0.8717821782178223
1.0	0.8720297029702976
1.0	0.8722772277227728
1.0	0.8725247524752481
1.0	0.8727722772277233
1.0	0.8730198019801986
1.0	0.8732673267326738
1.0	0.8735148514851491
1.0	0.8737623762376243
1.0	0.8740099009900996
1.0	0.8742574257425748
1.0	0.8745049504950501
1.0	0.8747524752475253
1.0	0.8750000000000006
1.0	0.8752475247524758
1.0	0.875495049504951
1.0	0.8757425742574263
1.0	0.8759900990099015
1.0	0.8762376237623768
1.0	0.876485148514852
1.0	0.8767326732673273
1.0	0.8769801980198025
1.0	0.8772277227722778
1.0	0.877475247524753
1.0	0.8777227722772283
1.0	0.8779702970297035
1.0	0.8782178217821788
1.0	0.878465346534654
1.0	0.8787128712871293
1.0	0.8789603960396045
1.0	0.8792079207920798
1.0	0.879455445544555
1.0	0.8797029702970303
1.0	0.8799504950495055
1.0	0.8801980198019808
1.0	0.880445544554456
1.0	0.8806930693069313
1.0	0.8809405940594065
1.0	0.8811881188118817
1.0	0.881435643564357
1.0	0.8816831683168322
1.0	0.8819306930693075
1.0	0.8821782178217827
1.0	0.882425742574258
1.0	0.8826732673267332
1.0	0.8829207920792085
1.0	0.8831683168316837
1.0	0.883415841584159
1.0	0.8836633663366342
1.0	0.8839108910891095
1.0	0.8841584158415847
1.0	0.88440594059406
1.0	0.8846534653465352
1.0	0.8849009900990105
1.0	0.8851485148514857
1.0	0.885396039603961
1.0	0.8856435643564362
1.0	0.8858910891089115
1.0	0.8861386138613867
1.0	0.886386138613862
1.0	0.8866336633663372
1.0	0.8868811881188124
1.0	0.8871287128712877
1.0	0.8873762376237629
1.0	0.8876237623762382
1.0	0.8878712871287134
1.0	0.8881188118811887
1.0	0.8883663366336639
1.0	0.8886138613861392
1.0	0.8888613861386144
1.0	0.8891089108910897
1.0	0.8893564356435649
1.0	0.8896039603960402
1.0	0.8898514851485154
1.0	0.8900990099009907
1.0	0.8903465346534659
1.0	0.8905940594059412
1.0	0.8908415841584164
1.0	0.8910891089108917
1.0	0.8913366336633669
1.0	0.8915841584158422
1.0	0.8918316831683174
1.0	0.8920792079207926
1.0	0.8923267326732679
1.0	0.8925742574257431
1.0	0.8928217821782184
1.0	0.8930693069306936
1.0	0.8933168316831689
1.0	0.8935643564356441
1.0	0.8938118811881194
1.0	0.8940594059405946
1.0	0.8943069306930699
1.0	0.8945544554455451
1.0	0.8948019801980204
1.0	0.8950495049504956
1.0	0.8952970297029709
1.0	0.8955445544554461
1.0	0.8957920792079214
1.0	0.8960396039603966
1.0	0.8962871287128719
1.0	0.8965346534653471
1.0	0.8967821782178224
1.0	0.8970297029702976
1.0	0.8972772277227729
1.0	0.8975247524752481
1.0	0.8977722772277233
1.0	0.8980198019801986
1.0	0.8982673267326738
1.0	0.8985148514851491
1.0	0.8987623762376243
1.0	0.8990099009900996
1.0	0.8992574257425748
1.0	0.8995049504950501
1.0	0.8997524752475253
1.0	0.9000000000000006
1.0	0.9002475247524758
1.0	0.9004950495049511
1.0	0.9007425742574263
1.0	0.9009900990099016
1.0	0.9012376237623768
1.0	0.9014851485148521
1.0	0.9017326732673273
1.0	0.9019801980198026
1.0	0.9022277227722778
1.0	0.902475247524753
1.0	0.9027227722772283
1.0	0.9029702970297036
1.0	0.9032178217821788
1.0	0.903465346534654
1.0	0.9037128712871293
1.0	0.9039603960396045
1.0	0.9042079207920798
1.0	0.904455445544555
1.0	0.9047029702970303
1.0	0.9049504950495055
1.0	0.9051980198019808
1.0	0.905445544554456
1.0	0.9056930693069313
1.0	0.9059405940594065
1.0	0.9061881188118818
1.0	0.906435643564357
1.0	0.9066831683168323
1.0	0.9069306930693075
1.0	0.9071782178217828
1.0	0.907425742574258
1.0	0.9076732673267333
1.0	0.9079207920792085
1.0	0.9081683168316838
1.0	0.908415841584159
1.0	0.9086633663366342
1.0	0.9089108910891095
1.0	0.9091584158415847
1.0	0.90940594059406
1.0	0.9096534653465352
1.0	0.9099009900990105
1.0	0.9101485148514857
1.0	0.910396039603961
1.0	0.9106435643564362
1.0	0.9108910891089115
1.0	0.9111386138613867
1.0	0.911386138613862
1.0	0.9116336633663372
1.0	0.9118811881188125
1.0	0.9121287128712877
1.0	0.912376237623763
1.0	0.9126237623762382
1.0	0.9128712871287135
1.0	0.9131188118811887
1.0	0.913366336633664
1.0	0.9136138613861392
1.0	0.9138613861386145
1.0	0.9141089108910897
1.0	0.914356435643565
1.0	0.9146039603960402
1.0	0.9148514851485154
1.0	0.9150990099009907
1.0	0.9153465346534659
1.0	0.9155940594059412
1.0	0.9158415841584164
1.0	0.9160891089108917
1.0	0.9163366336633669
1.0	0.9165841584158422
1.0	0.9168316831683174
1.0	0.9170792079207927
1.0	0.9173267326732679
1.0	0.9175742574257432
1.0	0.9178217821782184
1.0	0.9180693069306937
1.0	0.9183168316831689
1.0	0.9185643564356442
1.0	0.9188118811881194
1.0	0.9190594059405947
1.0	0.9193069306930699
1.0	0.9195544554455451
1.0	0.9198019801980204
1.0	0.9200495049504956
1.0	0.9202970297029709
1.0	0.9205445544554461
1.0	0.9207920792079214
1.0	0.9210396039603966
1.0	0.9212871287128719
1.0	0.9215346534653471
1.0	0.9217821782178224
1.0	0.9220297029702976
1.0	0.9222772277227729
1.0	0.9225247524752481
1.0	0.9227722772277234
1.0	0.9230198019801986
1.0	0.9232673267326739
1.0	0.9235148514851491
1.0	0.9237623762376244
1.0	0.9240099009900996
1.0	0.9242574257425749
1.0	0.9245049504950501
1.0	0.9247524752475254
1.0	0.9250000000000006
1.0	0.9252475247524758
1.0	0.9254950495049511
1.0	0.9257425742574263
1.0	0.9259900990099016
1.0	0.9262376237623768
1.0	0.9264851485148521
1.0	0.9267326732673273
1.0	0.9269801980198026
1.0	0.9272277227722778
1.0	0.9274752475247531
1.0	0.9277227722772283
1.0	0.9279702970297036
1.0	0.9282178217821788
1.0	0.9284653465346541
1.0	0.9287128712871293
1.0	0.9289603960396046
1.0	0.9292079207920798
1.0	0.9294554455445551
1.0	0.9297029702970303
1.0	0.9299504950495056
1.0	0.9301980198019808
1.0	0.930445544554456
1.0	0.9306930693069313
1.0	0.9309405940594065
1.0	0.9311881188118818
1.0	0.931435643564357
1.0	0.9316831683168323
1.0	0.9319306930693075
1.0	0.9321782178217828
1.0	0.932425742574258
1.0	0.9326732673267333
1.0	0.9329207920792085
1.0	0.9331683168316838
1.0	0.933415841584159
1.0	0.9336633663366343
1.0	0.9339108910891095
1.0	0.9341584158415848
1.0	0.93440594059406
1.0	0.9346534653465353
1.0	0.9349009900990105
1.0	0.9351485148514858
1.0	0.935396039603961
1.0	0.9356435643564363
1.0	0.9358910891089115
1.0	0.9361386138613867
1.0	0.936386138613862
1.0	0.9366336633663372
1.0	0.9368811881188125
1.0	0.9371287128712877
1.0	0.937376237623763
1.0	0.9376237623762382
1.0	0.9378712871287135
1.0	0.9381188118811887
1.0	0.938366336633664
1.0	0.9386138613861392
1.0	0.9388613861386145
1.0	0.9391089108910897
1.0	0.939356435643565
1.0	0.9396039603960402
1.0	0.9398514851485155
1.0	0.9400990099009907
1.0	0.940346534653466
1.0	0.9405940594059412
1.0	0.9408415841584165
1.0	0.9410891089108917
1.0	0.941336633663367
1.0	0.9415841584158422
1.0	0.9418316831683174
1.0	0.9420792079207927
1.0	0.9423267326732679
1.0	0.9425742574257432
1.0	0.9428217821782184
1.0	0.9430693069306937
1.0	0.9433168316831689
1.0	0.9435643564356442
1.0	0.9438118811881194
1.0	0.9440594059405947
1.0	0.9443069306930699
1.0	0.9445544554455452
1.0	0.9448019801980204
1.0	0.9450495049504957
1.0	0.9452970297029709
1.0	0.9455445544554462
1.0	0.9457920792079214
1.0	0.9460396039603967
1.0	0.9462871287128719
1.0	0.9465346534653472
1.0	0.9467821782178224
1.0	0.9470297029702976
1.0	0.9472772277227729
1.0	0.9475247524752481
1.0	0.9477722772277234
1.0	0.9480198019801986
1.0	0.9482673267326739
1.0	0.9485148514851491
1.0	0.9487623762376244
1.0	0.9490099009900996
1.0	0.9492574257425749
1.0	0.9495049504950501
1.0	0.9497524752475254
1.0	0.9500000000000006
1.0	0.9502475247524759
1.0	0.9504950495049511
1.0	0.9507425742574264
1.0	0.9509900990099016
1.0	0.9512376237623769
1.0	0.9514851485148521
1.0	0.9517326732673274
1.0	0.9519801980198026
1.0	0.9522277227722779
1.0	0.9524752475247531
1.0	0.9527227722772283
1.0	0.9529702970297036
1.0	0.9532178217821788
1.0	0.9534653465346541
1.0	0.9537128712871293
1.0	0.9539603960396046
1.0	0.9542079207920798
1.0	0.9544554455445551
1.0	0.9547029702970303
1.0	0.9549504950495056
1.0	0.9551980198019808
1.0	0.9554455445544561
1.0	0.9556930693069313
1.0	0.9559405940594066
1.0	0.9561881188118818
1.0	0.9564356435643571
1.0	0.9566831683168323
1.0	0.9569306930693076
1.0	0.9571782178217828
1.0	0.957425742574258
1.0	0.9576732673267333
1.0	0.9579207920792085
1.0	0.9581683168316838
1.0	0.958415841584159
1.0	0.9586633663366343
1.0	0.9589108910891095
1.0	0.9591584158415848
1.0	0.95940594059406
1.0	0.9596534653465353
1.0	0.9599009900990105
1.0	0.9601485148514858
1.0	0.960396039603961
1.0	0.9606435643564363
1.0	0.9608910891089115
1.0	0.9611386138613868
1.0	0.961386138613862
1.0	0.9616336633663373
1.0	0.9618811881188125
1.0	0.9621287128712878
1.0	0.962376237623763
1.0	0.9626237623762383
1.0	0.9628712871287135
1.0	0.9631188118811888
1.0	0.963366336633664
1.0	0.9636138613861392
1.0	0.9638613861386145
1.0	0.9641089108910897
1.0	0.964356435643565
1.0	0.9646039603960402
1.0	0.9648514851485155
1.0	0.9650990099009907
1.0	0.965346534653466
1.0	0.9655940594059412
1.0	0.9658415841584165
1.0	0.9660891089108917
1.0	0.966336633663367
1.0	0.9665841584158422
1.0	0.9668316831683175
1.0	0.9670792079207927
1.0	0.967326732673268
1.0	0.9675742574257432
1.0	0.9678217821782185
1.0	0.9680693069306937
1.0	0.968316831683169
1.0	0.9685643564356442
1.0	0.9688118811881195
1.0	0.9690594059405947
1.0	0.96930693069307
1.0	0.9695544554455452
1.0	0.9698019801980204
1.0	0.9700495049504957
1.0	0.9702970297029709
1.0	0.9705445544554462
1.0	0.9707920792079214
1.0	0.9710396039603967
1.0	0.9712871287128719
1.0	0.9715346534653472
1.0	0.9717821782178224
1.0	0.9720297029702977
1.0	0.9722772277227729
1.0	0.9725247524752482
1.0	0.9727722772277234
1.0	0.9730198019801987
1.0	0.9732673267326739
1.0	0.9735148514851492
1.0	0.9737623762376244
1.0	0.9740099009900997
1.0	0.9742574257425749
1.0	0.9745049504950501
1.0	0.9747524752475254
1.0	0.9750000000000006
1.0	0.9752475247524759
1.0	0.9754950495049511
1.0	0.9757425742574264
1.0	0.9759900990099016
1.0	0.9762376237623769
1.0	0.9764851485148521
1.0	0.9767326732673274
1.0	0.9769801980198026
1.0	0.9772277227722779
1.0	0.9774752475247531
1.0	0.9777227722772284
1.0	0.9779702970297036
1.0	0.9782178217821789
1.0	0.9784653465346541
1.0	0.9787128712871294
1.0	0.9789603960396046
1.0	0.9792079207920799
1.0	0.9794554455445551
1.0	0.9797029702970304
1.0	0.9799504950495056
1.0	0.9801980198019808
1.0	0.9804455445544561
1.0	0.9806930693069313
1.0	0.9809405940594066
1.0	0.9811881188118818
1.0	0.9814356435643571
1.0	0.9816831683168323
1.0	0.9819306930693076
1.0	0.9821782178217828
1.0	0.9824257425742581
1.0	0.9826732673267333
1.0	0.9829207920792086
1.0	0.9831683168316838
1.0	0.9834158415841591
1.0	0.9836633663366343
1.0	0.9839108910891096
1.0	0.9841584158415848
1.0	0.9844059405940601
1.0	0.9846534653465353
1.0	0.9849009900990106
1.0	0.9851485148514858
1.0	0.985396039603961
1.0	0.9856435643564363
1.0	0.9858910891089115
1.0	0.9861386138613868
1.0	0.986386138613862
1.0	0.9866336633663373
1.0	0.9868811881188125
1.0	0.9871287128712878
1.0	0.987376237623763
1.0	0.9876237623762383
1.0	0.9878712871287135
1.0	0.9881188118811888
1.0	0.988366336633664
1.0	0.9886138613861393
1.0	0.9888613861386145
1.0	0.9891089108910898
1.0	0.989356435643565
1.0	0.9896039603960403
1.0	0.9898514851485155
1.0	0.9900990099009908
1.0	0.990346534653466
1.0	0.9905940594059413
1.0	0.9908415841584165
1.0	0.9910891089108917
1.0	0.991336633663367
1.0	0.9915841584158422
1.0	0.9918316831683175
1.0	0.9920792079207927
1.0	0.992326732673268
1.0	0.9925742574257432
1.0	0.9928217821782185
1.0	0.9930693069306937
1.0	0.993316831683169
1.0	0.9935643564356442
1.0	0.9938118811881195
1.0	0.9940594059405947
1.0	0.99430693069307
1.0	0.9945544554455452
1.0	0.9948019801980205
1.0	0.9950495049504957
1.0	0.995297029702971
1.0	0.9955445544554462
1.0	0.9957920792079215
1.0	0.9960396039603967
1.0	0.996287128712872
1.0	0.9965346534653472
1.0	0.9967821782178224
1.0	0.9970297029702977
1.0	0.9972772277227729
1.0	0.9975247524752482
1.0	0.9977722772277234
1.0	0.9980198019801987
1.0	0.9982673267326739
1.0	0.9985148514851492
1.0	0.9987623762376244
1.0	0.9990099009900997
1.0	0.9992574257425749
1.0	0.9995049504950502
1.0	0.9997524752475254
1.0	1.0000000000000007
