1.0	1.0	0.9999999999999996	1.0000000000000004	1.0	0.9999999999999998	1.0000000000000002	1.0	0.9999999999999996	1.0000000000000004	1.0	0.9999999999999998	1.0000000000000002	1.0	0.9999999999999996	1.0000000000000004	1.0	0.9999999999999998	1.0000000000000002
1.2	1.0	0.9999999999999997	1.0000000000000002	0.9999999999999999	0.9999999999999992	1.0000000000000002	0.9999999999999999	0.9999999999999997	1.0	0.9999999999999999	0.9999999999999992	1.0000000000000004	0.9999999999999999	0.9999999999999997	1.0	0.9999999999999999	0.9999999999999992	1.0000000000000002
1.4	1.0	0.9999999999999997	1.0000000000000002	1.0	0.9999999999999998	1.0000000000000002	1.0	0.9999999999999997	1.0000000000000002	1.0	0.9999999999999998	1.0000000000000002	1.0	0.9999999999999997	1.0000000000000002	1.0	0.9999999999999998	1.0000000000000002
1.6	0.9987089200345023	0.9973011090740144	1.0	0.9979781263818277	0.9953154416361566	0.9999999999999999	0.9987089200345023	0.9973011090740144	1.0	0.9957097110066029	0.9883463326327071	0.9999999999999999	0.9987089200345023	0.9973011090740144	1.0	0.9957097110066029	0.9883463326327071	0.9999999999999999
1.8	0.9945103754050459	0.9911816608052358	0.9986606878849136	0.9922376957277284	0.9844200276100227	0.9972806672348931	0.9907477231006363	0.9851244722623413	0.995067746368093	0.9916473500425987	0.9844200276100227	0.9968158453417006	0.9931885641341157	0.9893166951069194	0.9961630353425915	0.9922376957277284	0.9844200276100227	0.9972806672348931
2.0	0.9927089594128676	0.9844858902142055	0.9972019930150272	0.9836033920066082	0.973190043772371	0.9916330544548498	0.9827344331520828	0.9682850371705685	0.9939579464660694	0.9758022012706513	0.9627539490174652	0.9850521706102165	0.990314819621898	0.982801268654819	0.9972019930150272	0.9807167319773296	0.9718556398908323	0.9886319155859364
2.2	0.9890101656435095	0.9851730879201465	0.9932550999616812	0.9735412050956446	0.964979270320002	0.9843889460619863	0.9731289302531807	0.9464537186214175	0.9836172883194221	0.4819918400206806	0.004184025619666723	0.9671204342973065	0.9849835103099952	0.9790110704219362	0.9910813332912465	0.9717624840826121	0.9650093288608855	0.9843889460619863
2.4	0.9808199610420019	0.9626019356969552	0.9926021736044922	0.9304779216219603	0.9039933167767019	0.9522282348145281	0.008240638414153366	0.00198898091807998	0.016957507482322342	0.004313567080577829	0.0	0.0093418171581156	0.9686575617508988	0.951838795453725	0.9822974740558464	0.006435961272422487	0.0	0.012855891706459
2.6	0.9689625059341244	0.9498823322116374	0.9891249068649369	0.0	0.0	0.0	0.0	0.0	0.0	0.0	0.0	0.0	0.9443973175926239	0.9250426813202881	0.9702230417556338	0.0	0.0	0.0
2.8	0.9522443939824644	0.9229007931231273	0.9773811099260071	0.0	0.0	0.0	0.0	0.0	0.0	0.0	0.0	0.0	0.46130759829957346	0.0	0.9381040280680408	0.0	0.0	0.0
3.0	0.0	0.0	0.0	0.0	0.0	0.0	0.0	0.0	0.0	0.0	0.0	0.0	0.0	0.0	0.0	0.0	0.0	0.0
3.2	0.0	0.0	0.0	0.0	0.0	0.0	0.0	0.0	0.0	0.0	0.0	0.0	0.0	0.0	0.0	0.0	0.0	0.0
3.4	0.0	0.0	0.0	0.0	0.0	0.0	0.0	0.0	0.0	0.0	0.0	0.0	0.0	0.0	0.0	0.0	0.0	0.0
