1.0	0.9998364256815434	0.9986627760165988	1.0000000000000004	1.0	0.9999999999999993	1.0000000000000004	0.9998364256815432	0.9986627760165988	1.0000000000000004	1.0	0.9999999999999993	1.0000000000000004	0.999846177732837	0.9992376058406748	1.0000000000000002	1.0	0.9999999999999993	1.0000000000000004
1.1	0.9998288317917094	0.9989279123563176	1.0000000000000002	1.0	0.9999999999999994	1.0000000000000004	0.9998288317917094	0.9989279123563176	1.0000000000000002	1.0	0.9999999999999994	1.0000000000000004	0.9998264507277937	0.9985372789227749	1.0000000000000007	1.0	0.9999999999999994	1.0000000000000004
1.2	0.9998533815218975	0.9991544803987115	1.0000000000000004	1.0	0.9999999999999993	1.0000000000000004	0.9998533815218975	0.9991544803987116	1.0000000000000004	1.0	0.9999999999999993	1.0000000000000004	0.999828161709118	0.9987341214280971	1.0000000000000004	1.0	0.9999999999999993	1.0000000000000004
1.3	0.9998170650462568	0.9991415220400136	1.0000000000000002	0.9999913604108628	0.9998887534766194	1.0000000000000004	0.9998170650462568	0.9991415220400139	1.0000000000000004	0.9999913604108628	0.9998887534766194	1.0000000000000004	0.9998145788965392	0.9992966558810027	1.0000000000000002	0.9999913604108628	0.9998887534766195	1.0000000000000004
1.4	0.9998283306398451	0.9991497006651122	1.0000000000000004	1.0	0.9999999999999997	1.0000000000000004	0.9998283306398451	0.9991497006651123	1.0000000000000004	1.0	0.9999999999999997	1.0000000000000004	0.9998348137916102	0.9989985293153004	1.0000000000000004	1.0	0.9999999999999997	1.0000000000000004
1.5	0.9994498246296041	0.9918517760625143	1.0000000000000007	0.9988088182225168	0.990503987015655	1.0000000000000004	0.9994490764766988	0.9918517760625143	1.0000000000000007	0.998808818222517	0.990503987015655	1.0000000000000004	0.9994398325962769	0.9903536134662698	1.0000000000000007	0.998808818222517	0.990503987015655	1.0000000000000004
1.6	0.9984853845352224	0.9862401480656108	1.0000000000000007	0.9969780950553405	0.9890794312362282	1.0000000000000004	0.9984853845352224	0.9862401480656108	1.0000000000000007	0.9969780950553405	0.9890794312362282	1.0000000000000004	0.9979478796910768	0.9847733354145218	1.0000000000000002	0.9969780950553405	0.9890794312362282	1.0000000000000004
1.7	0.9982194166247693	0.9827914762691224	1.0000000000000002	0.9975125695961051	0.9905807715887143	1.0000000000000004	0.9982333208287849	0.9827914762691224	1.0000000000000002	0.9975125695961051	0.9905807715887143	1.0000000000000004	0.9885882929035562	0.009244801000479834	1.0	0.9975125695961051	0.9905807715887143	1.0000000000000004
1.8	0.9969283981311632	0.9842483638677799	1.0000000000000004	0.9948199311446854	0.9855575229988714	1.0000000000000002	0.9962663845208679	0.9804309594351467	1.0000000000000002	0.9939378114903681	0.9841122729363686	1.0000000000000002	0.971649251439553	0.0013670499498605552	1.0000000000000002	0.9939378114903681	0.9841122729363686	1.0000000000000002
1.9	0.9954237644447701	0.979230764772973	0.9999999999999998	0.9929682491791121	0.9844858825118202	1.0000000000000002	0.9951614919235524	0.980609728014153	0.9999999999999998	0.9929682491791121	0.9844858825118202	1.0000000000000004	0.9486810760841776	0.002412947667001509	1.0000000000000002	0.9929682491791121	0.9844858825118202	1.0000000000000004
2.0	0.9936488051601249	0.9752304362048221	0.9990756926536009	0.9895418252961121	0.9727088467824779	0.9981497745501732	0.992980119908897	0.975887434689296	0.9990756926536007	0.9895418252961121	0.9727088467824779	0.9981497745501734	0.49957997978129354	3.327733835106057e-5	0.9983086341033823	0.9895418252961121	0.9727088467824779	0.9981497745501734
2.1	0.9921191400812504	0.9644427567099539	0.9992540880728846	0.9891901942135851	0.9780816449748226	0.99919458182506	0.9899669573094786	0.9622683387730115	0.9989844474479967	0.9891901942135851	0.9780816449748226	0.99919458182506	0.30178340440853263	0.0	0.9976600899083522	0.988741455186283	0.9767570939892428	0.9991945818250602
2.2	0.990054548724715	0.9696963522674357	0.9985129492085464	0.9877828905534273	0.968300730940873	0.9985987148783246	0.9881282254982137	0.9680136418326551	0.9985129492085464	0.987565342073792	0.968300730940873	0.9985987148783246	0.29740987400234	0.0	0.9917500307270463	0.9873656458267783	0.968300730940873	0.9985987148783246
2.3	0.9889921926540458	0.9719825373226886	0.9977323130868797	0.9835682904385135	0.9721648715326106	0.9950965050765451	0.9855621534507252	0.9601369661559851	0.9952525079443072	0.9838213836936824	0.9721648715326106	0.9952217941092569	0.005416847758957749	0.0	0.02398718306306275	0.9838213836936827	0.9721648715326106	0.9952217941092569
2.4	0.9879667128896421	0.9709712745217773	0.9967658204995576	0.9844212281882884	0.973090432181244	0.9955538280196747	0.9856029732319743	0.9709712745217772	0.9962970163117892	0.9844212281882884	0.973090432181244	0.9955538280196747	0.002858467230029611	0.0	0.019189095672665076	0.9844212281882884	0.973090432181244	0.9955538280196747
2.5	0.9863834591232404	0.9668827172078569	0.9954563248725583	0.9824608057873797	0.9736513724650299	0.9932123993434817	0.9836965393513342	0.9627334419551642	0.9954563248725583	0.9822782574799134	0.9725847868735217	0.9932123993434817	0.0023160089157390697	0.0	0.01758015162722277	0.9816565192088855	0.9715398721448123	0.9932123993434817
2.6	0.9852506818175912	0.9665772183562711	0.9974715031176524	0.978115108066525	0.9645521660791562	0.9917665404793131	0.9811259714880757	0.958804611605488	0.9957190874618862	0.9781151080665252	0.9645521660791563	0.991766540479313	0.0007504303789093243	0.0	0.008935585886737901	0.978115108066525	0.9645521660791563	0.9917665404793131
2.7	0.9848721078035549	0.9596171361081598	0.9937812572426388	0.9798624726053883	0.9663326443011588	0.9920483559664194	0.9809728793482907	0.9569615445345145	0.9928969570233587	0.9798624726053883	0.9663326443011588	0.9920483559664194	8.529556876810714e-7	0.0	7.085212961928599e-5	0.979793461433636	0.9663326443011588	0.9920483559664194
2.8	0.983664976535626	0.9597407881392324	0.995299800337714	0.9769826260860252	0.9586595654461431	0.9926404169888482	0.9788987384148808	0.9501405133592445	0.9914553683280388	0.9768896979775987	0.9586595654461432	0.9926404169888482	0.0	0.0	0.0	0.9768896979775987	0.9586595654461432	0.9926404169888482
2.9	0.9821557232583062	0.9508123911489434	0.9943219680496054	0.9777382070264415	0.9647952462691846	0.9914246839378686	0.8788169804893968	0.0	0.9910176379533058	0.9764080272148387	0.9636688637987538	0.9914246839378686	0.0	0.0	0.0	0.780273408082943	0.0	0.9914246839378686
3.0	0.8819488930711171	0.0	0.9929228756217803	0.7777821890105348	0.0	0.9850583099285141	0.6850150397300618	0.0	0.9910149503020836	0.3935750656020026	0.0	0.9850583099285141	0.0	0.0	0.0	0.3926386981035255	0.0	0.9850583099285141
3.1	0.6874927434592091	0.0	0.9929733047740322	0.39210597156695853	0.0	0.9896520935707255	0.6840768135304944	0.0	0.9908445418235583	0.39210597156695853	0.0	0.9896520935707255	0.0	0.0	0.0	0.39210597156695853	0.0	0.9896520935707255
3.2	0.6866338287761695	0.0	0.9956837099613349	0.3920950372188374	0.0	0.985430989789745	0.6835374967484569	0.0	0.991185121023693	0.3920950372188374	0.0	0.985430989789745	0.0	0.0	0.0	0.3920950372188374	0.0	0.985430989789745
3.3	0.685982197315137	0.0	0.9925004891586873	0.38888926521573486	0.0	0.9811505969252656	0.681338219348804	0.0	0.9894366638101304	0.38888926521573486	0.0	0.9811505969252656	0.0	0.0	0.0	0.3885379910325073	0.0	0.9811505969252656
3.4	0.6851077445451125	0.0	0.9912828342040895	0.3891870559706503	0.0	0.983622182417	0.4867586314000006	0.0	0.9880898824555439	0.19620114711664344	0.0	0.983622182417	0.0	0.0	0.0	0.1953023790758625	0.0	0.983622182417
3.5	0.5861865097348233	0.0	0.987935339587095	0.19470106888909872	0.0	0.9833752689236772	0.2931053454116162	0.0	0.984419602360664	0.19470106888909872	0.0	0.9833752689236772	0.0	0.0	0.0	0.19470106888909872	0.0	0.9833752689236772
