1.0	1.0	0.9999999999999997	1.0000000000000002	1.0	0.9999999999999997	1.0000000000000004	1.0	0.9999999999999997	1.0000000000000002	1.0	0.9999999999999997	1.0000000000000004	1.0	0.9999999999999997	1.0000000000000002	1.0	0.9999999999999997	1.0000000000000004
1.1	0.9999999999999999	0.9999999999999992	1.0000000000000004	1.0	0.9999999999999998	1.0000000000000002	0.9999999999999999	0.9999999999999993	1.0000000000000004	1.0	0.9999999999999998	1.0000000000000002	1.0	0.9999999999999994	1.0000000000000004	1.0	0.9999999999999998	1.0000000000000002
1.2	1.0	0.9999999999999997	1.0000000000000007	1.0	0.9999999999999998	1.0000000000000004	0.9999999999999999	0.9999999999999997	1.0000000000000007	1.0	0.9999999999999999	1.0000000000000004	1.0	0.9999999999999997	1.0000000000000007	1.0	0.9999999999999998	1.0000000000000004
1.3	1.0	0.9999999999999997	1.0000000000000004	1.0	0.9999999999999996	1.0000000000000004	1.0	0.9999999999999997	1.0000000000000007	1.0	0.9999999999999994	1.0000000000000004	1.0	0.9999999999999997	1.0000000000000004	1.0	0.9999999999999994	1.0000000000000002
1.4	1.0	0.9999999999999996	1.0000000000000004	1.0	0.9999999999999998	1.0000000000000002	1.0	0.9999999999999996	1.0000000000000004	1.0	0.9999999999999998	1.0000000000000002	1.0	0.9999999999999996	1.0000000000000004	1.0	0.9999999999999998	1.0000000000000002
1.5	0.9999999999999999	0.9999999999999997	1.0000000000000004	1.0	0.9999999999999994	1.0000000000000004	0.9999999999999999	0.9999999999999997	1.0000000000000004	1.0	0.9999999999999994	1.0000000000000004	1.0	0.9999999999999997	1.0000000000000004	1.0	0.9999999999999994	1.0000000000000004
1.6	1.0	0.9999999999999997	1.0000000000000004	1.0	0.9999999999999997	1.0000000000000002	0.9989672777016763	0.99546843346474	1.0000000000000004	1.0	0.9999999999999997	1.0000000000000002	1.0	0.9999999999999998	1.0000000000000004	0.9998284463130844	0.9982977746530347	1.0000000000000002
1.7	0.9999668443551468	0.9994695096823496	1.0000000000000002	0.9998197850523317	0.9971165608373072	1.0000000000000004	0.9960976915244896	0.9902461085928371	1.0	0.9998197850523317	0.9971165608373072	1.0000000000000004	0.9997393627259242	0.9975697103028527	1.0000000000000002	0.9989775057231511	0.9927361564201652	1.0000000000000004
1.8	0.9998963078490102	0.998852362459031	1.0000000000000004	0.9976367153524444	0.9891640057083433	1.0000000000000002	0.9930317261646141	0.9841800403408012	1.0000000000000002	0.9954762470582638	0.9849188251524617	1.0000000000000002	0.9957223576355939	0.9885656040980445	1.0000000000000002	0.9954178337010937	0.9848745170136851	1.0000000000000002
1.9	0.9990165140219464	0.9930981721027342	1.0000000000000004	0.9922807328279608	0.9692768259931277	1.0000000000000002	0.987289725705795	0.9724477312128323	0.9992239695143922	0.9929110411521016	0.9707233804304732	1.0000000000000002	0.9930293425985403	0.9813692872617145	1.0000000000000004	0.9913572542993252	0.969273829725101	1.0000000000000002
2.0	0.9973149901626996	0.9876360398835117	1.0000000000000004	0.9881256438551179	0.9736234102896022	1.0	0.9788109590657159	0.9649001328237351	0.9972123869726058	0.9868056681892441	0.9703481369422482	1.0	0.988264699139345	0.970333036600344	1.0000000000000002	0.9869872885639801	0.9693340155842882	1.0
2.1	0.9927606399567976	0.9841606354201934	0.9999999999999996	0.9760588162633427	0.9451139936219467	0.9985142961710362	0.968900168781995	0.9540472119694369	0.991313086940996	0.9753995327152833	0.9465195669818408	0.9967551770210535	0.7382195667427949	0.004411695322388401	0.9980609136875365	0.9763606052520583	0.9465195669818408	0.9957425726301404
2.2	0.9882782640463322	0.9728575238374584	0.99887162219236	0.9701171779813584	0.9539548314388315	0.9865687666134481	0.24585941162141445	0.0	0.9835039941459854	0.971260512824247	0.9539548314388315	0.9952101472614732	0.24809599523353354	0.0	0.9930683203301924	0.971727823249621	0.9539548314388315	0.9952101472614732
2.3	0.9874970302036203	0.9721585436816621	0.999432210943416	0.24535537797485063	0.0	0.982505665702533	0.24592853109352944	0.0	0.9874214146148549	0.24571986584469557	0.0	0.982505665702533	0.24654082537704927	0.0	0.9891538186586128	0.24612488800164697	0.0	0.9872891162324468
2.4	0.9829480694452242	0.970819122963658	0.9944863863194361	0.2430956496644549	0.0	0.978741038905784	0.24417654389712093	0.0	0.9810473237169544	0.24420053231757388	0.0	0.978741038905784	0.24484542597687353	0.0	0.9866268764713393	0.24454764505657067	0.0	0.978741038905784
2.5	0.9765547626827339	0.9523766595079256	0.9886333018094474	0.2423224947338572	0.0	0.975946029094738	0.0009210288442348623	0.0	0.005583427663269343	0.2423224947338572	0.0	0.975946029094738	0.00010381594700068114	0.0	0.0016610551520108983	0.2423224947338572	0.0	0.975946029094738
2.6	0.9727387459994534	0.9564792431040487	0.9885738872884628	0.001282921476995077	0.0	0.010297033640189173	0.0003514647469486862	0.0	0.002241919485819065	0.001282921476995077	0.0	0.010297033640189173	0.0	0.0	0.0	0.001282921476995077	0.0	0.010297033640189173
2.7	0.9674391745550359	0.9361892999640727	0.9839808075953272	0.0	0.0	0.0	0.0004552624295340684	0.0	0.0040378474383814065	0.00021425619760847878	0.0	0.00204838160473031	0.0	0.0	0.0	0.00021425619760847878	0.0	0.00204838160473031
2.8	0.9645523580954746	0.9463474899736606	0.9909260377718102	0.0	0.0	0.0	0.0003223947066626643	0.0	0.0018961762865127144	0.0003571253596113909	0.0	0.002807978278373453	0.0	0.0	0.0	0.0	0.0	0.0
2.9	0.9618257261494464	0.9398233092507191	0.9829132343834108	0.0	0.0	0.0	0.0	0.0	0.0	0.0	0.0	0.0	0.0	0.0	0.0	0.0	0.0	0.0
3.0	0.9573992530709625	0.933021519213234	0.9785377556038765	0.0	0.0	0.0	0.0	0.0	0.0	0.0	0.0	0.0	0.0	0.0	0.0	0.0	0.0	0.0
3.1	0.9549918357793333	0.9369798444986047	0.9655913787422037	0.0	0.0	0.0	0.0	0.0	0.0	0.0	0.0	0.0	0.0	0.0	0.0	0.0	0.0	0.0
3.2	0.956637271799527	0.9453353536227249	0.9685423416291818	0.0	0.0	0.0	0.0	0.0	0.0	0.0	0.0	0.0	0.0	0.0	0.0	0.0	0.0	0.0
3.3	0.9587798520586148	0.9413809599057699	0.9778332038539623	0.0	0.0	0.0	0.0	0.0	0.0	0.0	0.0	0.0	0.0	0.0	0.0	0.0	0.0	0.0
3.4	0.9543848638557463	0.9348114992176006	0.9658493493854292	0.0	0.0	0.0	0.0	0.0	0.0	0.0	0.0	0.0	0.0	0.0	0.0	0.0	0.0	0.0
3.5	0.9554949263015303	0.9468966524999913	0.9647891589677271	0.0	0.0	0.0	0.0	0.0	0.0	0.0	0.0	0.0	0.0	0.0	0.0	0.0	0.0	0.0
