1.0 0.9852919753716141  0.9740042878776684  0.994959417011374   0.9852919753716141  0.9740042878776684  0.9949594170113741  0.9852919753716141  0.9740042878776684  0.9949594170113741  0.9852919753716138  0.9740042878776684  0.9949594170113737  0.9852919753716141  0.9740042878776684  0.9949594170113741  0.9852919753716141  0.9740042878776684  0.994959417011374
1.2 0.9859710411218249  0.9754519337264976  0.9928766168558834  0.9859710411218248  0.9754519337264973  0.9928766168558832  0.9859710411218248  0.9754519337264975  0.9928766168558834  0.9859710411218248  0.9754519337264974  0.9928766168558834  0.9859710411218248  0.9754519337264975  0.9928766168558834  0.9859710411218247  0.9754519337264975  0.9928766168558834
1.4 0.9865055725565902  0.9762982991137025  0.9948901709193885  0.9863079730403693  0.9752366076505761  0.9948901709193885  0.9849393799885361  0.9714971301815029  0.9948901709193887  0.9865055725565904  0.9762982991137024  0.9948901709193887  0.9865055725565902  0.9762982991137024  0.9948901709193886  0.9865055725565902  0.9762982991137026  0.9948901709193885
1.6 0.9874351811527841  0.9820376123036675  0.9942460987956182  0.9853584406847462  0.9738012843175963  0.9938558674706797  0.9725045868038867  0.948957989359577   0.9871596189621061  0.9860939067409052  0.9793550523101278  0.9942460987956182  0.9802522579791523  0.9672336659921725  0.9905792128428731  0.9848494006770279  0.9738012843175963  0.9938558674706797
1.8 0.9876001717234234  0.9767495420803544  0.9965097390507465  0.9855265939899848  0.9759657563455588  0.9934032189336701  0.019923420740924947    0.012652227073866103    0.02783260642551961 0.9860177067989921  0.9758919691026067  0.9937302375147576  0.4942632409585071  0.014932192673270088    0.9795309280923348  0.9781796630581782  0.9574593626785644  0.9872276181828086
2.0 0.9867988955672924  0.9780478359355468  0.9967092755961491  0.9828351373730471  0.9721662455131947  0.9943962062405112  0.012224615283230843    0.006008058339163916    0.021369441384323073    0.9815608224373014  0.9654613688056709  0.9943962062405112  0.01219332196824287 0.006008058339163916    0.02281180343251464 0.9581913130200782  0.9420075266299957  0.9809151230860361
2.2 0.9867291862590607  0.9653121987784138  0.9952775293911315  0.9721575649097224  0.9540648169635566  0.9877555329623458  0.008081773994979183    0.00335625440248126 0.017045836667986917    0.9675480938539249  0.9412098603278386  0.9870621867490009  0.00998155123941927 0.003985454466679304    0.0176012970669326  0.2432174431428336  0.0069221852004837  0.9377797178929889
2.4 0.9879777739504916  0.9833185614076201  0.9937440043336478  0.9602800743810692  0.9351134931883437  0.9857726723738173  0.006208375440295437    0.0016973615746854829   0.013252330117132663    0.262289054184357   0.014781417029727507    0.9785896025882034  0.009146516364814379    0.0023834723037182938   0.019191190195266623    0.2405085359579664  0.0026096070519010723   0.9309557530928184
2.6 0.9880202903858473  0.9792331064822795  0.9925335537147957  0.9492834609129379  0.9319971527388143  0.9808249720569518  0.005436642797705842    0.0025699280288328926   0.01239194525267217 0.7334294223804245  0.010305366870447119    0.9823827104192525  0.005436642797705842    0.0025699280288328926   0.01239194525267217 0.005436642797705842    0.0025699280288328926   0.01239194525267217
2.8 0.9867680674732622  0.9799694233102443  0.9915278980368702  0.9427054463448394  0.9175131910947651  0.9567467719042165  0.006573330405331252    0.002861371929322915    0.015373292589348596    0.49297084727975987 0.013605150358828857    0.9864150599265706  0.0065733304053312526   0.002861371929322915    0.015373292589348594    0.0065733304053312526   0.002861371929322915    0.015373292589348596
3.0 0.9858747557853157  0.9800302149401731  0.9918738011009176  0.936953140888611   0.9282619385743265  0.952512911710252   0.006821829065165295    0.0014015163995873543   0.014679981980196618    0.25311977509956984 0.006707622510425545    0.9740330037520424  0.006821829065165295    0.0014015163995873543   0.014679981980196618    0.006821829065165295    0.0014015163995873543   0.014679981980196618
3.2 0.9554069331407077  0.9745680311279296  0.9903919449529804  0.9373879797641492  0.9163317335892113  0.9601357495619958  0.004909449207278837    0.0011490039468716605   0.011261704380265867    0.012485997492705337    0.006212367321878781    0.017950857266222416    0.006906349164136311    0.002015325225691517    0.01458743892477186 0.004708071641407714    0.0011490039468716605   0.011261704380265867
3.4 0.9055203966098852  0.9778237392559853  0.9949692845237192  0.9337466606470182  0.9096924793215857  0.9547986491784624  0.002840159496119753    0.00022499749107326202  0.007424609088107773    0.013720137875417981    0.002824087764932303    0.0412320717006466  0.006450578498417441    0.0018288815210268537   0.0142501109864942  0.003561057378747744    0.0011515100980772912   0.009586677307206406
